4
   0    0    1    1
 1230 3012 1302 2031
   0    0    2    2
 2031 1302 1302 2031
   1    1    3    3
 2031 1302 2103 3201
   2    2    3    3
 2103 2310 2031 1302
Angles :
N.  0:   2.8534898695   0.0671912188   0.0440510600   2.8534898695   0.1694956882   0.0440510600   
N.  1:   2.2024256417   0.5762055683   0.1386341691   2.2024256417   0.2281196775   0.1386341691   
N.  2:   0.3655018300   1.7088383356   0.3655018300   0.3655018300   0.8529786596   0.3655018300   
N.  3:   0.5512529955   0.5512529955   0.5512529955   0.5512529955   0.5512529955   0.5512529955   
Volume: 7.3786275026  (0.4060332149, 1.2593467578, 2.5384300054, 3.1748175246)
Boundary: T^(2) 
Pi: <a, b, c, d|a^(2)c^(2)d^(-1)bcd^(2)b^(-1)a, c^(2)d^(-1)bcd^(2)b^(-1)a^(2)b^(-1)>
Homology: Z+Z
-------------------
4
   0    0    1    1
 1230 3012 1302 2031
   0    0    2    2
 2031 1302 1302 2031
   1    1    3    3
 2031 1302 1302 3201
   2    2    3    3
 2031 2310 1230 3012
Angles :
N.  0:   2.8534898695   0.0671912188   0.0440510600   2.8534898695   0.1694956882   0.0440510600   
N.  1:   2.2024256417   0.5762055683   0.1386341691   2.2024256417   0.2281196775   0.1386341691   
N.  2:   0.3655018300   1.7088383356   0.3655018300   0.3655018300   0.8529786596   0.3655018300   
N.  3:   0.5512529955   0.5512529955   0.5512529955   0.5512529955   0.5512529955   0.5512529955   
Volume: 7.3786275026  (0.4060332149, 1.2593467578, 2.5384300054, 3.1748175246)
Boundary: T^(2) 
Pi: <a, b, c, d|a^(2)cd^(-2)bc^(2)db^(-1)a, cd^(-2)bc^(2)db^(-1)a^(2)b^(-1)>
Homology: Z+Z
-------------------
4
   0    0    1    1
 1230 3012 2103 2031
   0    0    2    2
 2103 1302 1302 2031
   1    1    3    3
 2031 1302 1302 2031
   2    2    3    3
 2031 1302 1230 3012
Angles :
N.  0:   0.5512529955   0.5512529955   0.5512529955   0.5512529955   0.5512529955   0.5512529955   
N.  1:   0.3655018300   0.8529786596   0.3655018300   0.3655018300   1.7088383356   0.3655018300   
N.  2:   2.2024256417   0.2281196775   0.1386341691   2.2024256417   0.5762055683   0.1386341691   
N.  3:   2.8534898695   0.1694956882   0.0440510600   2.8534898695   0.0671912188   0.0440510600   
Volume: 7.3786275026  (3.1748175246, 2.5384300054, 1.2593467578, 0.4060332149)
Boundary: T^(2) 
Pi: <a, b, c, d|cb^(-1)c^(-1)b^(-1)ab^(-1)a^(-2)cd^(2), d^(2)b^(-1)c^(-1)b^(-1)ab^(-1)a^(-2)cd>
Homology: Z+Z
-------------------
4
   0    0    1    1
 1230 3012 2103 3201
   0    0    2    2
 2103 2310 1302 2031
   1    1    3    3
 2031 1302 1302 2031
   2    2    3    3
 2031 1302 1230 3012
Angles :
N.  0:   0.5512529955   0.5512529955   0.5512529955   0.5512529955   0.5512529955   0.5512529955   
N.  1:   0.3655018300   0.8529786596   0.3655018300   0.3655018300   1.7088383356   0.3655018300   
N.  2:   2.2024256417   0.2281196775   0.1386341691   2.2024256417   0.5762055683   0.1386341691   
N.  3:   2.8534898695   0.1694956882   0.0440510600   2.8534898695   0.0671912188   0.0440510600   
Volume: 7.3786275026  (3.1748175246, 2.5384300054, 1.2593467578, 0.4060332149)
Boundary: T^(2) 
Pi: <a, b, c, d|cb^(-2)a^(-2)c^(-1)b^(-1)acd^(2), d^(2)b^(-2)a^(-2)c^(-1)b^(-1)acd>
Homology: Z+Z
-------------------
4
   0    0    1    1
 1230 3012 2103 2031
   0    0    2    2
 2103 1302 2103 0321
   1    1    3    3
 2103 0321 2103 0321
   2    2    3    3
 2103 0321 2031 1302
Angles :
N.  0:   0.5512529955   0.5512529955   0.5512529955   0.5512529955   0.5512529955   0.5512529955   
N.  1:   0.3655018300   0.8529786596   0.3655018300   0.3655018300   1.7088383356   0.3655018300   
N.  2:   0.1386341691   0.2281196775   2.2024256417   0.1386341691   0.5762055683   2.2024256417   
N.  3:   0.0440510600   0.1694956882   2.8534898695   0.0440510600   0.0671912188   2.8534898695   
Volume: 7.3786275026  (3.1748175246, 2.5384300054, 1.2593467578, 0.4060332149)
Boundary: T^(2) 
Pi: <a, b, c, d|c^(2)d^(2)bc^(-1)a^(2)ba^(-1)b, d^(2)bc^(-1)a^(2)ba^(-1)bcd>
Homology: Z+Z
-------------------
4
   0    0    1    1
 1230 3012 2103 3201
   0    0    2    2
 2103 2310 2103 0321
   1    1    3    3
 2103 0321 2103 0321
   2    2    3    3
 2103 0321 2031 1302
Angles :
N.  0:   0.5512529955   0.5512529955   0.5512529955   0.5512529955   0.5512529955   0.5512529955   
N.  1:   0.3655018300   0.8529786596   0.3655018300   0.3655018300   1.7088383356   0.3655018300   
N.  2:   0.1386341691   0.2281196775   2.2024256417   0.1386341691   0.5762055683   2.2024256417   
N.  3:   0.0440510600   0.1694956882   2.8534898695   0.0440510600   0.0671912188   2.8534898695   
Volume: 7.3786275026  (3.1748175246, 2.5384300054, 1.2593467578, 0.4060332149)
Boundary: T^(2) 
Pi: <a, b, c, d|c^(2)d^(2)a^(2)b^(2)c^(-1)a^(-1)b, d^(2)a^(2)b^(2)c^(-1)a^(-1)bcd>
Homology: Z+Z
-------------------
4
   0    0    1    1
 1230 3012 2103 2031
   0    0    2    2
 2103 1302 2103 0321
   1    1    3    3
 2103 0321 1302 2031
   2    2    3    3
 2031 1302 1230 3012
Angles :
N.  0:   0.5530909532   0.5530909532   0.5530909532   0.5530909532   0.5530909532   0.5530909532   
N.  1:   0.3509200819   0.8928417055   0.3509200819   0.3509200819   1.7797163711   0.3509200819   
N.  2:   0.1452683408   0.3193920740   1.9380035240   0.1452683408   0.8575955931   1.9380035240   
N.  3:   2.7127948570   0.0581887992   0.2388274141   2.7127948570   0.1498070598   0.2388274141   
Volume: 7.5628506142  (3.1712920352, 2.4684508540, 1.4441627979, 0.4789449271)
Boundary: T^(2) 
Pi: <a, b, c|c^(2)bc^(-1)a^(2)ba^(-1)bcbc^(-1)a^(2)ba^(-1)bcbc^(-1)a^(2)ba^(-1)b>
Homology: Z+Z
-------------------
4
   0    0    1    1
 1230 3012 2103 2031
   0    0    2    2
 2103 1302 1302 2031
   1    1    3    3
 2031 1302 2103 0321
   2    2    3    3
 2103 0321 2031 1302
Angles :
N.  0:   0.5530909532   0.5530909532   0.5530909532   0.5530909532   0.5530909532   0.5530909532   
N.  1:   0.3509200819   0.8928417055   0.3509200819   0.3509200819   1.7797163711   0.3509200819   
N.  2:   1.9380035240   0.3193920740   0.1452683408   1.9380035240   0.8575955931   0.1452683408   
N.  3:   0.2388274141   0.0581887992   2.7127948570   0.2388274141   0.1498070598   2.7127948570   
Volume: 7.5628506142  (3.1712920352, 2.4684508540, 1.4441627979, 0.4789449271)
Boundary: T^(2) 
Pi: <a, b, c|c^(2)b^(-1)c^(-1)b^(-1)ab^(-1)a^(-2)cb^(-1)c^(-1)b^(-1)ab^(-1)a^(-2)cb^(-1)c^(-1)b^(-1)ab^(-1)a^(-2)>
Homology: Z+Z
-------------------
4
   0    0    1    1
 1230 3012 2103 3201
   0    0    2    2
 2103 2310 2103 0321
   1    1    3    3
 2103 0321 1302 2031
   2    2    3    3
 2031 1302 1230 3012
Angles :
N.  0:   0.5530909532   0.5530909532   0.5530909532   0.5530909532   0.5530909532   0.5530909532   
N.  1:   0.3509200819   0.8928417055   0.3509200819   0.3509200819   1.7797163711   0.3509200819   
N.  2:   0.1452683408   0.3193920740   1.9380035240   0.1452683408   0.8575955931   1.9380035240   
N.  3:   2.7127948570   0.0581887992   0.2388274141   2.7127948570   0.1498070598   0.2388274141   
Volume: 7.5628506142  (3.1712920352, 2.4684508540, 1.4441627979, 0.4789449271)
Boundary: T^(2) 
Pi: <a, b, c|c^(2)a^(2)b^(2)c^(-1)a^(-1)bca^(2)b^(2)c^(-1)a^(-1)bca^(2)b^(2)c^(-1)a^(-1)b>
Homology: Z+Z
-------------------
4
   0    0    1    1
 1230 3012 2103 3201
   0    0    2    2
 2103 2310 1302 2031
   1    1    3    3
 2031 1302 2103 0321
   2    2    3    3
 2103 0321 2031 1302
Angles :
N.  0:   0.5530909532   0.5530909532   0.5530909532   0.5530909532   0.5530909532   0.5530909532   
N.  1:   0.3509200819   0.8928417055   0.3509200819   0.3509200819   1.7797163711   0.3509200819   
N.  2:   1.9380035240   0.3193920740   0.1452683408   1.9380035240   0.8575955931   0.1452683408   
N.  3:   0.2388274141   0.0581887992   2.7127948570   0.2388274141   0.1498070598   2.7127948570   
Volume: 7.5628506142  (3.1712920352, 2.4684508540, 1.4441627979, 0.4789449271)
Boundary: T^(2) 
Pi: <a, b, c|c^(2)b^(-2)a^(-2)c^(-1)b^(-1)acb^(-2)a^(-2)c^(-1)b^(-1)acb^(-2)a^(-2)c^(-1)b^(-1)a>
Homology: Z+Z
-------------------
4
   0    0    1    1
 1230 3012 1302 2031
   0    0    2    2
 2031 1302 2103 0321
   1    1    3    3
 2103 0321 1302 3201
   2    2    3    3
 2031 2310 1230 3012
Angles :
N.  0:   2.7127948570   0.1498070598   0.2388274141   2.7127948570   0.0581887992   0.2388274141   
N.  1:   0.1452683408   0.8575955931   1.9380035240   0.1452683408   0.3193920740   1.9380035240   
N.  2:   0.3509200819   1.7797163711   0.3509200819   0.3509200819   0.8928417055   0.3509200819   
N.  3:   0.5530909532   0.5530909532   0.5530909532   0.5530909532   0.5530909532   0.5530909532   
Volume: 7.5628506142  (0.4789449271, 1.4441627979, 2.4684508540, 3.1712920352)
Boundary: T^(2) 
Pi: <a, b, c|c^(2)b^(-1)a^(3)c^(-1)b^(-2)a^(-4)>
Homology: Z+Z
-------------------
4
   0    0    1    1
 1230 3012 1302 2031
   0    0    2    2
 2031 1302 2103 0321
   1    1    3    3
 2103 0321 2103 3201
   2    2    3    3
 2103 2310 2031 1302
Angles :
N.  0:   2.7127948570   0.1498070598   0.2388274141   2.7127948570   0.0581887992   0.2388274141   
N.  1:   0.1452683408   0.8575955931   1.9380035240   0.1452683408   0.3193920740   1.9380035240   
N.  2:   0.3509200819   1.7797163711   0.3509200819   0.3509200819   0.8928417055   0.3509200819   
N.  3:   0.5530909532   0.5530909532   0.5530909532   0.5530909532   0.5530909532   0.5530909532   
Volume: 7.5628506142  (0.4789449271, 1.4441627979, 2.4684508540, 3.1712920352)
Boundary: T^(2) 
Pi: <a, b, c|cb^(-2)a^(3)c^(-2)b^(-1)a^(-4)>
Homology: Z+Z
-------------------
4
   0    0    1    1
 1230 3012 2103 0321
   0    0    2    2
 2103 0321 2103 0321
   1    1    3    3
 2103 0321 2103 2031
   2    2    3    3
 2103 1302 1230 3012
Angles :
N.  0:   0.0526552514   0.5032128045   2.4853406819   0.0526552514   0.4609778462   2.4853406819   
N.  1:   0.1359686588   0.8092911388   2.0091027553   0.1359686588   0.2987149546   2.0091027553   
N.  2:   0.3454580949   1.8040019505   0.3454580949   0.3454580949   0.9064118434   0.3454580949   
N.  3:   0.5531630515   0.5531630515   0.5531630515   0.5531630515   0.5531630515   0.5531630515   
Volume: 7.5750856813  (0.5933665398, 1.3662891512, 2.4442765719, 3.1711534184)
Boundary: T^(2) 
Pi: <a, b, c|a^(2)b^(-1)a^(-2)c^(2)b^(-1)c^(-1)b^(-1)a^(3)>
Homology: Z+Z
-------------------
4
   0    0    1    1
 1230 3012 2103 0321
   0    0    2    2
 2103 0321 2103 0321
   1    1    3    3
 2103 0321 2103 2031
   2    2    3    3
 2103 1302 2031 1302
Angles :
N.  0:   0.0526552514   0.5032128045   2.4853406819   0.0526552514   0.4609778462   2.4853406819   
N.  1:   0.1359686588   0.8092911388   2.0091027553   0.1359686588   0.2987149546   2.0091027553   
N.  2:   0.3454580949   1.8040019505   0.3454580949   0.3454580949   0.9064118434   0.3454580949   
N.  3:   0.5531630515   0.5531630515   0.5531630515   0.5531630515   0.5531630515   0.5531630515   
Volume: 7.5750856813  (0.5933665398, 1.3662891512, 2.4442765719, 3.1711534184)
Boundary: T^(2) 
Pi: <a, b, c|a^(2)b^(-1)a^(-2)cb^(-1)c^(-2)b^(-1)a^(3)>
Homology: Z+Z
-------------------
4
   0    0    1    1
 1230 3012 2103 0321
   0    0    2    2
 2103 0321 2103 0321
   1    1    3    3
 2103 0321 2103 3201
   2    2    3    3
 2103 2310 1230 3012
Angles :
N.  0:   0.0526552514   0.5032128045   2.4853406819   0.0526552514   0.4609778462   2.4853406819   
N.  1:   0.1359686588   0.8092911388   2.0091027553   0.1359686588   0.2987149546   2.0091027553   
N.  2:   0.3454580949   1.8040019505   0.3454580949   0.3454580949   0.9064118434   0.3454580949   
N.  3:   0.5531630515   0.5531630515   0.5531630515   0.5531630515   0.5531630515   0.5531630515   
Volume: 7.5750856813  (0.5933665398, 1.3662891512, 2.4442765719, 3.1711534184)
Boundary: T^(2) 
Pi: <a, b, c|a^(2)c^(2)b^(-2)a^(-2)c^(-1)b^(-1)a^(3)>
Homology: Z+Z
-------------------
4
   0    0    1    1
 1230 3012 2103 0321
   0    0    2    2
 2103 0321 2103 0321
   1    1    3    3
 2103 0321 2103 3201
   2    2    3    3
 2103 2310 2031 1302
Angles :
N.  0:   0.0526552514   0.5032128045   2.4853406819   0.0526552514   0.4609778462   2.4853406819   
N.  1:   0.1359686588   0.8092911388   2.0091027553   0.1359686588   0.2987149546   2.0091027553   
N.  2:   0.3454580949   1.8040019505   0.3454580949   0.3454580949   0.9064118434   0.3454580949   
N.  3:   0.5531630515   0.5531630515   0.5531630515   0.5531630515   0.5531630515   0.5531630515   
Volume: 7.5750856813  (0.5933665398, 1.3662891512, 2.4442765719, 3.1711534184)
Boundary: T^(2) 
Pi: <a, b, c|a^(2)cb^(-2)a^(-2)c^(-2)b^(-1)a^(3)>
Homology: Z+Z
-------------------
4
   0    0    1    1
 1230 3012 2103 0321
   0    0    2    2
 2103 0321 2103 0321
   1    1    3    3
 2103 0321 1302 3201
   2    2    3    3
 2031 2310 1230 3012
Angles :
N.  0:   0.0526552514   0.5032128045   2.4853406819   0.0526552514   0.4609778462   2.4853406819   
N.  1:   0.1359686588   0.8092911388   2.0091027553   0.1359686588   0.2987149546   2.0091027553   
N.  2:   0.3454580949   1.8040019505   0.3454580949   0.3454580949   0.9064118434   0.3454580949   
N.  3:   0.5531630515   0.5531630515   0.5531630515   0.5531630515   0.5531630515   0.5531630515   
Volume: 7.5750856813  (0.5933665398, 1.3662891512, 2.4442765719, 3.1711534184)
Boundary: T^(2) 
Pi: <a, b, c|a^(2)c^(2)b^(-1)a^(-2)c^(-1)b^(-2)a^(3)>
Homology: Z+Z
-------------------
4
   0    0    1    1
 1230 3012 2103 0321
   0    0    2    2
 2103 0321 2103 0321
   1    1    3    3
 2103 0321 1302 3201
   2    2    3    3
 2031 2310 2031 1302
Angles :
N.  0:   0.0526552514   0.5032128045   2.4853406819   0.0526552514   0.4609778462   2.4853406819   
N.  1:   0.1359686588   0.8092911388   2.0091027553   0.1359686588   0.2987149546   2.0091027553   
N.  2:   0.3454580949   1.8040019505   0.3454580949   0.3454580949   0.9064118434   0.3454580949   
N.  3:   0.5531630515   0.5531630515   0.5531630515   0.5531630515   0.5531630515   0.5531630515   
Volume: 7.5750856813  (0.5933665398, 1.3662891512, 2.4442765719, 3.1711534184)
Boundary: T^(2) 
Pi: <a, b, c|a^(2)cb^(-1)a^(-2)c^(-2)b^(-2)a^(3)>
Homology: Z+Z
-------------------
4
   0    0    1    1
 1230 3012 2103 0321
   0    0    2    2
 2103 0321 1302 2031
   1    1    3    3
 2031 1302 2103 2031
   2    2    3    3
 2103 1302 1230 3012
Angles :
N.  0:   0.2805680578   0.2502359129   2.5788621554   0.2805680578   0.0870224997   2.5788621554   
N.  1:   1.9495957759   0.8752250834   0.1357797992   1.9495957759   0.3211288893   0.1357797992   
N.  2:   0.3413196424   1.8228576398   0.3413196424   0.3413196424   0.9176107168   0.3413196424   
N.  3:   0.5534308389   0.5534308389   0.5534308389   0.5534308389   0.5534308389   0.5534308389   
Volume: 7.6210668443  (0.6265163052, 1.3990401867, 2.4248719966, 3.1706383558)
Boundary: T^(2) 
Pi: <a, b, c|a^(3)c^(2)b^(-1)c^(-1)b^(-1)a^(-3)b^(-1)a^(2)>
Homology: Z+Z
-------------------
4
   0    0    1    1
 1230 3012 2103 0321
   0    0    2    2
 2103 0321 1302 2031
   1    1    3    3
 2031 1302 2103 2031
   2    2    3    3
 2103 1302 2031 1302
Angles :
N.  0:   0.2805680578   0.2502359129   2.5788621554   0.2805680578   0.0870224997   2.5788621554   
N.  1:   1.9495957759   0.8752250834   0.1357797992   1.9495957759   0.3211288893   0.1357797992   
N.  2:   0.3413196424   1.8228576398   0.3413196424   0.3413196424   0.9176107168   0.3413196424   
N.  3:   0.5534308389   0.5534308389   0.5534308389   0.5534308389   0.5534308389   0.5534308389   
Volume: 7.6210668443  (0.6265163052, 1.3990401867, 2.4248719966, 3.1706383558)
Boundary: T^(2) 
Pi: <a, b, c|a^(3)cb^(-1)c^(-2)b^(-1)a^(-3)b^(-1)a^(2)>
Homology: Z+Z
-------------------
4
   0    0    1    1
 1230 3012 2103 0321
   0    0    2    2
 2103 0321 1302 2031
   1    1    3    3
 2031 1302 2103 3201
   2    2    3    3
 2103 2310 1230 3012
Angles :
N.  0:   0.2805680578   0.2502359129   2.5788621554   0.2805680578   0.0870224997   2.5788621554   
N.  1:   1.9495957759   0.8752250834   0.1357797992   1.9495957759   0.3211288893   0.1357797992   
N.  2:   0.3413196424   1.8228576398   0.3413196424   0.3413196424   0.9176107168   0.3413196424   
N.  3:   0.5534308389   0.5534308389   0.5534308389   0.5534308389   0.5534308389   0.5534308389   
Volume: 7.6210668443  (0.6265163052, 1.3990401867, 2.4248719966, 3.1706383558)
Boundary: T^(2) 
Pi: <a, b, c|a^(3)c^(-1)b^(-1)a^(-3)c^(2)b^(-2)a^(2)>
Homology: Z+Z
-------------------
4
   0    0    1    1
 1230 3012 2103 0321
   0    0    2    2
 2103 0321 1302 2031
   1    1    3    3
 2031 1302 2103 3201
   2    2    3    3
 2103 2310 2031 1302
Angles :
N.  0:   0.2805680578   0.2502359129   2.5788621554   0.2805680578   0.0870224997   2.5788621554   
N.  1:   1.9495957759   0.8752250834   0.1357797992   1.9495957759   0.3211288893   0.1357797992   
N.  2:   0.3413196424   1.8228576398   0.3413196424   0.3413196424   0.9176107168   0.3413196424   
N.  3:   0.5534308389   0.5534308389   0.5534308389   0.5534308389   0.5534308389   0.5534308389   
Volume: 7.6210668443  (0.6265163052, 1.3990401867, 2.4248719966, 3.1706383558)
Boundary: T^(2) 
Pi: <a, b, c|a^(3)c^(-2)b^(-1)a^(-3)cb^(-2)a^(2)>
Homology: Z+Z
-------------------
4
   0    0    1    1
 1230 3012 2103 0321
   0    0    2    2
 2103 0321 1302 2031
   1    1    3    3
 2031 1302 1302 3201
   2    2    3    3
 2031 2310 1230 3012
Angles :
N.  0:   0.2805680578   0.2502359129   2.5788621554   0.2805680578   0.0870224997   2.5788621554   
N.  1:   1.9495957759   0.8752250834   0.1357797992   1.9495957759   0.3211288893   0.1357797992   
N.  2:   0.3413196424   1.8228576398   0.3413196424   0.3413196424   0.9176107168   0.3413196424   
N.  3:   0.5534308389   0.5534308389   0.5534308389   0.5534308389   0.5534308389   0.5534308389   
Volume: 7.6210668443  (0.6265163052, 1.3990401867, 2.4248719966, 3.1706383558)
Boundary: T^(2) 
Pi: <a, b, c|a^(3)c^(-1)b^(-2)a^(-3)c^(2)b^(-1)a^(2)>
Homology: Z+Z
-------------------
4
   0    0    1    1
 1230 3012 2103 0321
   0    0    2    2
 2103 0321 1302 2031
   1    1    3    3
 2031 1302 1302 3201
   2    2    3    3
 2031 2310 2031 1302
Angles :
N.  0:   0.2805680578   0.2502359129   2.5788621554   0.2805680578   0.0870224997   2.5788621554   
N.  1:   1.9495957759   0.8752250834   0.1357797992   1.9495957759   0.3211288893   0.1357797992   
N.  2:   0.3413196424   1.8228576398   0.3413196424   0.3413196424   0.9176107168   0.3413196424   
N.  3:   0.5534308389   0.5534308389   0.5534308389   0.5534308389   0.5534308389   0.5534308389   
Volume: 7.6210668443  (0.6265163052, 1.3990401867, 2.4248719966, 3.1706383558)
Boundary: T^(2) 
Pi: <a, b, c|a^(3)c^(-2)b^(-2)a^(-3)cb^(-1)a^(2)>
Homology: Z+Z
-------------------
4
   0    0    1    1
 1230 3012 1302 2031
   0    0    2    2
 2031 1302 2103 2031
   1    1    3    3
 2103 1302 2103 0321
   2    2    3    3
 2103 0321 2031 1302
Angles :
N.  0:   2.3919181416   0.1639835613   0.1639835613   2.3919181416   0.1639835613   0.1639835613   
N.  1:   0.4243067051   1.4993490240   0.4243067051   0.4243067051   0.7884315879   0.4243067051   
N.  2:   0.4243067051   0.7884315879   0.4243067051   0.4243067051   1.4993490240   0.4243067051   
N.  3:   0.1639835613   0.1639835613   2.3919181416   0.1639835613   0.1639835613   2.3919181416   
Volume: 7.7582684366  (1.1918615401, 2.6872726782, 2.6872726782, 1.1918615401)
Boundary: T^(2) 
Pi: <a, b, c|a^(3)cb^(-1)c^(-3)b^(-1)a^(-1)b^(-1)>
Homology: Z+Z
-------------------
4
   0    0    1    1
 1230 3012 1302 2031
   0    0    2    2
 2031 1302 2103 2031
   1    1    3    3
 2103 1302 1302 2031
   2    2    3    3
 2031 1302 1230 3012
Angles :
N.  0:   2.3919181416   0.1639835613   0.1639835613   2.3919181416   0.1639835613   0.1639835613   
N.  1:   0.4243067051   1.4993490240   0.4243067051   0.4243067051   0.7884315879   0.4243067051   
N.  2:   0.4243067051   0.7884315879   0.4243067051   0.4243067051   1.4993490240   0.4243067051   
N.  3:   2.3919181416   0.1639835613   0.1639835613   2.3919181416   0.1639835613   0.1639835613   
Volume: 7.7582684366  (1.1918615401, 2.6872726782, 2.6872726782, 1.1918615401)
Boundary: T^(2) 
Pi: <a, b, c|a^(3)c^(3)b^(-1)c^(-1)b^(-1)a^(-1)b^(-1)>
Homology: Z+Z
-------------------
4
   0    0    1    1
 1230 3012 1302 2031
   0    0    2    2
 2031 1302 2103 3201
   1    1    3    3
 2103 2310 2103 0321
   2    2    3    3
 2103 0321 2031 1302
Angles :
N.  0:   2.3919181416   0.1639835613   0.1639835613   2.3919181416   0.1639835613   0.1639835613   
N.  1:   0.4243067051   1.4993490240   0.4243067051   0.4243067051   0.7884315879   0.4243067051   
N.  2:   0.4243067051   0.7884315879   0.4243067051   0.4243067051   1.4993490240   0.4243067051   
N.  3:   0.1639835613   0.1639835613   2.3919181416   0.1639835613   0.1639835613   2.3919181416   
Volume: 7.7582684366  (1.1918615401, 2.6872726782, 2.6872726782, 1.1918615401)
Boundary: T^(2) 
Pi: <a, b, c|a^(3)c^(-3)b^(-1)a^(-1)cb^(-2)>
Homology: Z+Z
-------------------
4
   0    0    1    1
 1230 3012 1302 2031
   0    0    2    2
 2031 1302 2103 3201
   1    1    3    3
 2103 2310 1302 2031
   2    2    3    3
 2031 1302 1230 3012
Angles :
N.  0:   2.3919181416   0.1639835613   0.1639835613   2.3919181416   0.1639835613   0.1639835613   
N.  1:   0.4243067051   1.4993490240   0.4243067051   0.4243067051   0.7884315879   0.4243067051   
N.  2:   0.4243067051   0.7884315879   0.4243067051   0.4243067051   1.4993490240   0.4243067051   
N.  3:   2.3919181416   0.1639835613   0.1639835613   2.3919181416   0.1639835613   0.1639835613   
Volume: 7.7582684366  (1.1918615401, 2.6872726782, 2.6872726782, 1.1918615401)
Boundary: T^(2) 
Pi: <a, b, c|a^(3)c^(-1)b^(-1)a^(-1)c^(3)b^(-2)>
Homology: Z+Z
-------------------
4
   0    0    1    1
 1230 3012 1302 2031
   0    0    2    2
 2031 1302 1302 3201
   1    1    3    3
 2031 2310 1302 2031
   2    2    3    3
 2031 1302 1230 3012
Angles :
N.  0:   2.3919181416   0.1639835613   0.1639835613   2.3919181416   0.1639835613   0.1639835613   
N.  1:   0.4243067051   1.4993490240   0.4243067051   0.4243067051   0.7884315879   0.4243067051   
N.  2:   0.4243067051   0.7884315879   0.4243067051   0.4243067051   1.4993490240   0.4243067051   
N.  3:   2.3919181416   0.1639835613   0.1639835613   2.3919181416   0.1639835613   0.1639835613   
Volume: 7.7582684366  (1.1918615401, 2.6872726782, 2.6872726782, 1.1918615401)
Boundary: T^(2) 
Pi: <a, b, c|a^(3)c^(-1)b^(-2)a^(-1)c^(3)b^(-1)>
Homology: Z+Z
-------------------
4
   0    0    1    1
 1230 3012 2103 0321
   0    0    2    2
 2103 0321 2103 2031
   1    1    3    3
 2103 1302 2103 0321
   2    2    3    3
 2103 0321 2031 1302
Angles :
N.  0:   0.1875417523   0.6429986267   2.0141379878   0.1875417523   0.2847185811   2.0141379878   
N.  1:   0.4032492347   1.6119107048   0.4032492347   0.4032492347   0.8430689625   0.4032492347   
N.  2:   0.4277080904   0.7946941170   0.4277080904   0.4277080904   1.4993564425   0.4277080904   
N.  3:   0.1654477104   0.1654477104   2.3919144323   0.1654477104   0.1654477104   2.3919144323   
Volume: 7.9826888766  (1.5216367770, 2.5905535040, 2.6805963347, 1.1899022609)
Boundary: T^(2) 
Pi: <a, b, c|a^(2)b^(-1)a^(-2)cb^(-1)c^(-3)b^(-1)a>
Homology: Z+Z
-------------------
4
   0    0    1    1
 1230 3012 2103 0321
   0    0    2    2
 2103 0321 2103 2031
   1    1    3    3
 2103 1302 1302 2031
   2    2    3    3
 2031 1302 1230 3012
Angles :
N.  0:   0.1875417523   0.6429986267   2.0141379878   0.1875417523   0.2847185811   2.0141379878   
N.  1:   0.4032492347   1.6119107048   0.4032492347   0.4032492347   0.8430689625   0.4032492347   
N.  2:   0.4277080904   0.7946941170   0.4277080904   0.4277080904   1.4993564425   0.4277080904   
N.  3:   2.3919144323   0.1654477104   0.1654477104   2.3919144323   0.1654477104   0.1654477104   
Volume: 7.9826888766  (1.5216367770, 2.5905535040, 2.6805963347, 1.1899022609)
Boundary: T^(2) 
Pi: <a, b, c|a^(2)b^(-1)a^(-2)c^(3)b^(-1)c^(-1)b^(-1)a>
Homology: Z+Z
-------------------
4
   0    0    1    1
 1230 3012 2103 0321
   0    0    2    2
 2103 0321 2103 3201
   1    1    3    3
 2103 2310 2103 0321
   2    2    3    3
 2103 0321 2031 1302
Angles :
N.  0:   0.1875417523   0.6429986267   2.0141379878   0.1875417523   0.2847185811   2.0141379878   
N.  1:   0.4032492347   1.6119107048   0.4032492347   0.4032492347   0.8430689625   0.4032492347   
N.  2:   0.4277080904   0.7946941170   0.4277080904   0.4277080904   1.4993564425   0.4277080904   
N.  3:   0.1654477104   0.1654477104   2.3919144323   0.1654477104   0.1654477104   2.3919144323   
Volume: 7.9826888766  (1.5216367770, 2.5905535040, 2.6805963347, 1.1899022609)
Boundary: T^(2) 
Pi: <a, b, c|a^(2)cb^(-2)a^(-2)c^(-3)b^(-1)a>
Homology: Z+Z
-------------------
4
   0    0    1    1
 1230 3012 2103 0321
   0    0    2    2
 2103 0321 2103 3201
   1    1    3    3
 2103 2310 1302 2031
   2    2    3    3
 2031 1302 1230 3012
Angles :
N.  0:   0.1875417523   0.6429986267   2.0141379878   0.1875417523   0.2847185811   2.0141379878   
N.  1:   0.4032492347   1.6119107048   0.4032492347   0.4032492347   0.8430689625   0.4032492347   
N.  2:   0.4277080904   0.7946941170   0.4277080904   0.4277080904   1.4993564425   0.4277080904   
N.  3:   2.3919144323   0.1654477104   0.1654477104   2.3919144323   0.1654477104   0.1654477104   
Volume: 7.9826888766  (1.5216367770, 2.5905535040, 2.6805963347, 1.1899022609)
Boundary: T^(2) 
Pi: <a, b, c|a^(2)c^(3)b^(-2)a^(-2)c^(-1)b^(-1)a>
Homology: Z+Z
-------------------
4
   0    0    1    1
 1230 3012 2103 0321
   0    0    2    2
 2103 0321 1302 3201
   1    1    3    3
 2031 2310 2103 0321
   2    2    3    3
 2103 0321 2031 1302
Angles :
N.  0:   0.1875417523   0.6429986267   2.0141379878   0.1875417523   0.2847185811   2.0141379878   
N.  1:   0.4032492347   1.6119107048   0.4032492347   0.4032492347   0.8430689625   0.4032492347   
N.  2:   0.4277080904   0.7946941170   0.4277080904   0.4277080904   1.4993564425   0.4277080904   
N.  3:   0.1654477104   0.1654477104   2.3919144323   0.1654477104   0.1654477104   2.3919144323   
Volume: 7.9826888766  (1.5216367770, 2.5905535040, 2.6805963347, 1.1899022609)
Boundary: T^(2) 
Pi: <a, b, c|a^(2)cb^(-1)a^(-2)c^(-3)b^(-2)a>
Homology: Z+Z
-------------------
4
   0    0    1    1
 1230 3012 2103 0321
   0    0    2    2
 2103 0321 1302 3201
   1    1    3    3
 2031 2310 1302 2031
   2    2    3    3
 2031 1302 1230 3012
Angles :
N.  0:   0.1875417523   0.6429986267   2.0141379878   0.1875417523   0.2847185811   2.0141379878   
N.  1:   0.4032492347   1.6119107048   0.4032492347   0.4032492347   0.8430689625   0.4032492347   
N.  2:   0.4277080904   0.7946941170   0.4277080904   0.4277080904   1.4993564425   0.4277080904   
N.  3:   2.3919144323   0.1654477104   0.1654477104   2.3919144323   0.1654477104   0.1654477104   
Volume: 7.9826888766  (1.5216367770, 2.5905535040, 2.6805963347, 1.1899022609)
Boundary: T^(2) 
Pi: <a, b, c|a^(2)c^(3)b^(-1)a^(-2)c^(-1)b^(-2)a>
Homology: Z+Z
-------------------
4
   0    0    1    1
 1230 3012 1302 2031
   0    0    2    3
 2031 1302 2103 2310
   1    3    3    3
 2103 3120 0132 1302
   1    2    2    2
 3201 3120 2031 0132
Angles :
N.  0:   2.6587198325   0.1160214266   0.0853769821   2.6587198325   0.2522047970   0.0853769821   
N.  1:   1.5419748990   0.9657456422   0.2543523313   1.5419748990   0.4325128946   0.2543523313   
N.  2:   1.4735153561   0.4349699741   0.4349699741   0.7877162831   0.4349699741   0.4349699741   
N.  3:   0.4349699741   0.4349699741   1.4735153561   0.4349699741   0.4349699741   0.7877162831   
Volume: 8.0815897992  (0.6988737917, 1.9898128532, 2.6964515771, 2.6964515771)
Boundary: T^(2) 
Pi: <a, b, c, d|a^(2)dcbc^(-1)dc^(-1)b^(-1)a, ad^(-1)b^(-1)dcbc^(-1)dc^(-1)b^(-1)a>
Homology: Z+Z
-------------------
4
   0    0    1    1
 1230 3012 1302 2031
   0    0    2    3
 2031 1302 3201 3120
   1    2    2    3
 2310 1230 3012 0321
   1    2    3    3
 3120 0321 1230 3012
Angles :
N.  0:   2.6587198325   0.1160214266   0.0853769821   2.6587198325   0.2522047970   0.0853769821   
N.  1:   1.5419748990   0.9657456422   0.2543523313   1.5419748990   0.4325128946   0.2543523313   
N.  2:   0.4349699741   0.4349699741   1.4735153561   0.4349699741   0.4349699741   0.7877162831   
N.  3:   0.4349699741   1.4735153561   0.4349699741   0.4349699741   0.7877162831   0.4349699741   
Volume: 8.0815897992  (0.6988737917, 1.9898128532, 2.6964515771, 2.6964515771)
Boundary: T^(2) 
Pi: <a, b, c, d|a^(2)d^(-2)c^(-2)b^(-1)dcb^(-1)a, ba^(-2)bc^(-1)d^(-1)bc^(2)d^(2)>
Homology: Z+Z
-------------------
4
   0    0    1    1
 1230 3012 1302 2031
   0    0    2    3
 2031 1302 3201 3120
   1    2    2    3
 2310 1230 3012 0321
   1    2    3    3
 3120 0321 2031 1302
Angles :
N.  0:   2.6587198325   0.1160214266   0.0853769821   2.6587198325   0.2522047970   0.0853769821   
N.  1:   1.5419748990   0.9657456422   0.2543523313   1.5419748990   0.4325128946   0.2543523313   
N.  2:   0.4349699741   0.4349699741   1.4735153561   0.4349699741   0.4349699741   0.7877162831   
N.  3:   0.4349699741   1.4735153561   0.4349699741   0.4349699741   0.7877162831   0.4349699741   
Volume: 8.0815897992  (0.6988737917, 1.9898128532, 2.6964515771, 2.6964515771)
Boundary: T^(2) 
Pi: <a, b, c, d|a^(2)d^(-1)c^(-2)b^(-1)d^(2)cb^(-1)a, ba^(-2)bc^(-1)d^(-2)bc^(2)d>
Homology: Z+Z
-------------------
4
   0    0    1    1
 1230 3012 1302 2031
   0    0    2    3
 2031 1302 3201 3120
   1    2    2    3
 2310 3201 2310 0321
   1    2    3    3
 3120 0321 1230 3012
Angles :
N.  0:   2.6587198325   0.1160214266   0.0853769821   2.6587198325   0.2522047970   0.0853769821   
N.  1:   1.5419748990   0.9657456422   0.2543523313   1.5419748990   0.4325128946   0.2543523313   
N.  2:   0.4349699741   0.4349699741   1.4735153561   0.4349699741   0.4349699741   0.7877162831   
N.  3:   0.4349699741   1.4735153561   0.4349699741   0.4349699741   0.7877162831   0.4349699741   
Volume: 8.0815897992  (0.6988737917, 1.9898128532, 2.6964515771, 2.6964515771)
Boundary: T^(2) 
Pi: <a, b, c, d|a^(2)d^(-2)c^(-1)b^(-1)dc^(2)b^(-1)a, ba^(-2)bc^(-2)d^(-1)bcd^(2)>
Homology: Z+Z
-------------------
4
   0    0    1    1
 1230 3012 1302 2031
   0    0    2    3
 2031 1302 2103 2310
   1    3    3    3
 2103 2103 0132 3012
   1    2    2    2
 3201 2103 1230 0132
Angles :
N.  0:   2.6587198325   0.1160214266   0.0853769821   2.6587198325   0.2522047970   0.0853769821   
N.  1:   1.5419748990   0.9657456422   0.2543523313   1.5419748990   0.4325128946   0.2543523313   
N.  2:   1.4735153561   0.4349699741   0.4349699741   0.7877162831   0.4349699741   0.4349699741   
N.  3:   0.4349699741   0.4349699741   1.4735153561   0.4349699741   0.4349699741   0.7877162831   
Volume: 8.0815897992  (0.6988737917, 1.9898128532, 2.6964515771, 2.6964515771)
Boundary: T^(2) 
Pi: <a, b, c, d|a^(2)cd^(-1)cbd^(-1)c^(-1)b^(-1)a, ad^(-1)b^(-1)cd^(-1)cbd^(-1)c^(-1)b^(-1)a>
Homology: Z+Z
-------------------
4
   0    0    1    1
 1230 3012 1302 2031
   0    0    2    3
 2031 1302 2103 2310
   1    3    3    3
 2103 2103 0132 1302
   1    2    2    2
 3201 2103 2031 0132
Angles :
N.  0:   2.6587198325   0.1160214266   0.0853769821   2.6587198325   0.2522047970   0.0853769821   
N.  1:   1.5419748990   0.9657456422   0.2543523313   1.5419748990   0.4325128946   0.2543523313   
N.  2:   1.4735153561   0.4349699741   0.4349699741   0.7877162831   0.4349699741   0.4349699741   
N.  3:   0.4349699741   0.4349699741   1.4735153561   0.4349699741   0.4349699741   0.7877162831   
Volume: 8.0815897992  (0.6988737917, 1.9898128532, 2.6964515771, 2.6964515771)
Boundary: T^(2) 
Pi: <a, b, c, d|a^(2)dcd^(-1)cbc^(-1)b^(-1)a, ad^(-1)b^(-1)dcd^(-1)cbc^(-1)b^(-1)a>
Homology: Z+Z
-------------------
4
   0    0    1    1
 1230 3012 2103 0321
   0    0    2    2
 2103 0321 2103 2031
   1    1    3    3
 2103 1302 1302 2031
   2    2    3    3
 2031 1302 2031 1302
Angles :
N.  0:   0.1892773277   0.6431574985   2.0140746777   0.1892773277   0.2873420545   2.0140746777   
N.  1:   0.4064714586   1.6118784533   0.4064714586   0.4064714586   0.8498101091   0.4064714586   
N.  2:   0.4064714586   0.8498101091   0.4064714586   0.4064714586   1.6118784533   0.4064714586   
N.  3:   2.0140746777   0.2873420545   0.1892773277   2.0140746777   0.6431574985   0.1892773277   
Volume: 8.2069244180  (1.5195371084, 2.5839251006, 2.5839251006, 1.5195371084)
Boundary: T^(2) 
Pi: <a, b, c|c^(2)b^(-1)c^(-1)b^(-1)a^(3)b^(-1)a^(-2)cb^(-1)c^(-1)b^(-1)a^(3)b^(-1)a^(-2)>
Homology: Z+Z
-------------------
4
   0    0    1    1
 1230 3012 2103 0321
   0    0    2    2
 2103 0321 2103 3201
   1    1    3    3
 2103 2310 1302 2031
   2    2    3    3
 2031 1302 2031 1302
Angles :
N.  0:   0.1892773277   0.6431574985   2.0140746777   0.1892773277   0.2873420545   2.0140746777   
N.  1:   0.4064714586   1.6118784533   0.4064714586   0.4064714586   0.8498101091   0.4064714586   
N.  2:   0.4064714586   0.8498101091   0.4064714586   0.4064714586   1.6118784533   0.4064714586   
N.  3:   2.0140746777   0.2873420545   0.1892773277   2.0140746777   0.6431574985   0.1892773277   
Volume: 8.2069244180  (1.5195371084, 2.5839251006, 2.5839251006, 1.5195371084)
Boundary: T^(2) 
Pi: <a, b, c|c^(2)b^(-2)a^(-2)c^(-1)b^(-1)a^(3)cb^(-2)a^(-2)c^(-1)b^(-1)a^(3)>
Homology: Z+Z
-------------------
4
   0    0    1    1
 1230 3012 2103 0321
   0    0    2    2
 2103 0321 2103 2031
   1    1    3    3
 2103 1302 2103 0321
   2    2    3    3
 2103 0321 1230 3012
Angles :
N.  0:   0.1892773277   0.6431574985   2.0140746777   0.1892773277   0.2873420545   2.0140746777   
N.  1:   0.4064714586   1.6118784533   0.4064714586   0.4064714586   0.8498101091   0.4064714586   
N.  2:   0.4064714586   0.8498101091   0.4064714586   0.4064714586   1.6118784533   0.4064714586   
N.  3:   0.1892773277   0.2873420545   2.0140746777   0.1892773277   0.6431574985   2.0140746777   
Volume: 8.2069244180  (1.5195371084, 2.5839251006, 2.5839251006, 1.5195371084)
Boundary: T^(2) 
Pi: <a, b, c|c^(2)bc^(-1)a^(2)ba^(-3)bcbc^(-1)a^(2)ba^(-3)b>
Homology: Z+Z
-------------------
4
   0    0    1    1
 1230 3012 2103 0321
   0    0    2    2
 2103 0321 2103 3201
   1    1    3    3
 2103 2310 2103 0321
   2    2    3    3
 2103 0321 1230 3012
Angles :
N.  0:   0.1892773277   0.6431574985   2.0140746777   0.1892773277   0.2873420545   2.0140746777   
N.  1:   0.4064714586   1.6118784533   0.4064714586   0.4064714586   0.8498101091   0.4064714586   
N.  2:   0.4064714586   0.8498101091   0.4064714586   0.4064714586   1.6118784533   0.4064714586   
N.  3:   0.1892773277   0.2873420545   2.0140746777   0.1892773277   0.6431574985   2.0140746777   
Volume: 8.2069244180  (1.5195371084, 2.5839251006, 2.5839251006, 1.5195371084)
Boundary: T^(2) 
Pi: <a, b, c|c^(2)a^(2)b^(2)c^(-1)a^(-3)bca^(2)b^(2)c^(-1)a^(-3)b>
Homology: Z+Z
-------------------
4
   0    0    1    1
 1230 3012 2103 0321
   0    0    2    2
 2103 0321 1302 3201
   1    1    3    3
 2031 2310 2103 0321
   2    2    3    3
 2103 0321 1230 3012
Angles :
N.  0:   0.1892773277   0.6431574985   2.0140746777   0.1892773277   0.2873420545   2.0140746777   
N.  1:   0.4064714586   1.6118784533   0.4064714586   0.4064714586   0.8498101091   0.4064714586   
N.  2:   0.4064714586   0.8498101091   0.4064714586   0.4064714586   1.6118784533   0.4064714586   
N.  3:   0.1892773277   0.2873420545   2.0140746777   0.1892773277   0.6431574985   2.0140746777   
Volume: 8.2069244180  (1.5195371084, 2.5839251006, 2.5839251006, 1.5195371084)
Boundary: T^(2) 
Pi: <a, b, c|c^(2)a^(2)bc^(-1)a^(-3)b^(2)ca^(2)bc^(-1)a^(-3)b^(2)>
Homology: Z+Z
-------------------
4
   1    1    2    2
 0321 2103 2103 0321
   0    0    3    3
 0321 2103 2103 0321
   0    0    3    3
 2103 0321 1230 1302
   1    1    2    2
 2103 0321 2031 3012
Angles :
N.  0:   0.1892773277   0.6431574985   2.0140746777   0.1892773277   0.2873420545   2.0140746777   
N.  1:   0.1892773277   0.6431574985   2.0140746777   0.1892773277   0.2873420545   2.0140746777   
N.  2:   0.4064714586   1.6118784533   0.4064714586   0.4064714586   0.8498101091   0.4064714586   
N.  3:   0.4064714586   1.6118784533   0.4064714586   0.4064714586   0.8498101091   0.4064714586   
Volume: 8.2069244180  (1.5195371084, 1.5195371084, 2.5839251006, 2.5839251006)
Boundary: T^(2) 
Pi: <a, b, c|b^(2)cb^(-1)aba^(-1)cab^(-1)c^(-1)a>
Homology: Z+Z
-------------------
4
   1    1    2    2
 0321 2103 2103 0321
   0    0    3    3
 0321 2103 2103 0321
   0    0    3    3
 2103 0321 1230 0132
   1    1    2    2
 2103 0321 0132 3012
Angles :
N.  0:   0.1892773277   0.6431574985   2.0140746777   0.1892773277   0.2873420545   2.0140746777   
N.  1:   0.1892773277   0.6431574985   2.0140746777   0.1892773277   0.2873420545   2.0140746777   
N.  2:   0.4064714586   1.6118784533   0.4064714586   0.4064714586   0.8498101091   0.4064714586   
N.  3:   0.4064714586   1.6118784533   0.4064714586   0.4064714586   0.8498101091   0.4064714586   
Volume: 8.2069244180  (1.5195371084, 1.5195371084, 2.5839251006, 2.5839251006)
Boundary: T^(2) 
Pi: <a, b, c|b^(2)aba^(-1)c^(2)b^(-1)ab^(-1)c^(-1)a>
Homology: Z+Z
-------------------
4
   1    1    2    2
 0321 2103 2103 0321
   0    0    3    3
 0321 2103 2103 0321
   0    0    3    3
 2103 0321 2031 0132
   1    1    2    2
 2103 0321 0132 1302
Angles :
N.  0:   0.1892773277   0.6431574985   2.0140746777   0.1892773277   0.2873420545   2.0140746777   
N.  1:   0.1892773277   0.6431574985   2.0140746777   0.1892773277   0.2873420545   2.0140746777   
N.  2:   0.4064714586   1.6118784533   0.4064714586   0.4064714586   0.8498101091   0.4064714586   
N.  3:   0.4064714586   1.6118784533   0.4064714586   0.4064714586   0.8498101091   0.4064714586   
Volume: 8.2069244180  (1.5195371084, 1.5195371084, 2.5839251006, 2.5839251006)
Boundary: T^(2) 
Pi: <a, b, c|b^(2)aba^(-1)cb^(-1)ab^(-1)c^(-2)a>
Homology: Z+Z
-------------------
4
   0    0    1    1
 1230 3012 1302 2031
   0    0    2    3
 2031 1302 1302 1230
   1    2    2    3
 2031 1230 3012 0321
   1    2    3    3
 3012 0321 1230 3012
Angles :
N.  0:   2.5242006368   0.2201969348   0.2955502047   2.5242006368   0.1034856331   0.2955502047   
N.  1:   0.2589732289   1.2347840336   1.2974516879   0.2589732289   0.5458277998   1.2974516879   
N.  2:   0.4448265797   0.4448265797   1.4384922936   0.4448265797   0.4448265797   0.7786563896   
N.  3:   0.4448265797   1.4384922936   0.4448265797   0.4448265797   0.7786563896   0.4448265797   
Volume: 8.2790144869  (0.7673814722, 2.0775287234, 2.7170521456, 2.7170521456)
Boundary: T^(2) 
Pi: <a, b, c|cba^(-3)c^(-2)b^(-2)a^(-4)>
Homology: Z+Z
-------------------
4
   0    0    1    1
 1230 3012 1302 2031
   0    0    2    3
 2031 1302 1302 1230
   1    2    2    3
 2031 1230 3012 0321
   1    2    3    3
 3012 0321 2031 1302
Angles :
N.  0:   2.5242006368   0.2201969348   0.2955502047   2.5242006368   0.1034856331   0.2955502047   
N.  1:   0.2589732289   1.2347840336   1.2974516879   0.2589732289   0.5458277998   1.2974516879   
N.  2:   0.4448265797   0.4448265797   1.4384922936   0.4448265797   0.4448265797   0.7786563896   
N.  3:   0.4448265797   1.4384922936   0.4448265797   0.4448265797   0.7786563896   0.4448265797   
Volume: 8.2790144869  (0.7673814722, 2.0775287234, 2.7170521456, 2.7170521456)
Boundary: T^(2) 
Pi: <a, b, c|c^(2)ba^(-3)c^(-1)b^(-2)a^(-4)>
Homology: Z+Z
-------------------
4
   0    0    1    1
 1230 3012 1302 2031
   0    0    2    3
 2031 1302 1302 1230
   1    2    2    3
 2031 3201 2310 0321
   1    2    3    3
 3012 0321 1230 3012
Angles :
N.  0:   2.5242006368   0.2201969348   0.2955502047   2.5242006368   0.1034856331   0.2955502047   
N.  1:   0.2589732289   1.2347840336   1.2974516879   0.2589732289   0.5458277998   1.2974516879   
N.  2:   0.4448265797   0.4448265797   1.4384922936   0.4448265797   0.4448265797   0.7786563896   
N.  3:   0.4448265797   1.4384922936   0.4448265797   0.4448265797   0.7786563896   0.4448265797   
Volume: 8.2790144869  (0.7673814722, 2.0775287234, 2.7170521456, 2.7170521456)
Boundary: T^(2) 
Pi: <a, b, c|cb^(2)a^(-3)c^(-2)b^(-1)a^(-4)>
Homology: Z+Z
-------------------
4
