5
   1    1    2    2
 0321 2103 2103 0321
   0    0    3    4
 0321 2103 1302 3120
   0    0    3    4
 2103 0321 0213 2031
   1    2    4    4
 2031 0213 1230 0132
   1    2    3    3
 3120 1302 0132 3012
Angles :
N.  0:   0.4930868996   0.0830856775   2.3940320187   0.4930868996   0.0830856775   2.3940320187   
N.  1:   2.0257657782   0.7475606349   0.1581493433   2.0257657782   0.3035099827   0.1581493433   
N.  2:   2.0257657782   0.7475606349   0.1581493433   2.0257657782   0.3035099827   0.1581493433   
N.  3:   0.3798310441   1.7385668512   0.3798310441   0.3798310441   0.9193741303   0.3798310441   
N.  4:   0.3798310441   1.7385668512   0.3798310441   0.3798310441   0.9193741303   0.3798310441   
Volume: 8.5114583700  (0.7899175439, 1.3948693940, 1.3948693940, 2.4659010190, 2.4659010190)
Boundary: T^(2) 
Pi: <a, b, c, d|cd^(2)a^(-1)b^(2)dc^(2)b^(-1)a^(-1), acd^(2)a^(-1)b^(2)dc>
Homology: Z+Z
-------------------
5
   1    1    2    2
 0321 2103 2103 0321
   0    0    3    4
 0321 2103 1302 3120
   0    0    3    4
 2103 0321 0213 2031
   1    2    4    4
 2031 0213 2031 0132
   1    2    3    3
 3120 1302 0132 1302
Angles :
N.  0:   0.4930868996   0.0830856775   2.3940320187   0.4930868996   0.0830856775   2.3940320187   
N.  1:   2.0257657782   0.7475606349   0.1581493433   2.0257657782   0.3035099827   0.1581493433   
N.  2:   2.0257657782   0.7475606349   0.1581493433   2.0257657782   0.3035099827   0.1581493433   
N.  3:   0.3798310441   1.7385668512   0.3798310441   0.3798310441   0.9193741303   0.3798310441   
N.  4:   0.3798310441   1.7385668512   0.3798310441   0.3798310441   0.9193741303   0.3798310441   
Volume: 8.5114583700  (0.7899175439, 1.3948693940, 1.3948693940, 2.4659010190, 2.4659010190)
Boundary: T^(2) 
Pi: <a, b, c, d|cda^(-1)b^(2)d^(2)c^(2)b^(-1)a^(-1), acda^(-1)b^(2)d^(2)c>
Homology: Z+Z
-------------------
5
   1    1    2    2
 0321 2103 2103 0321
   0    0    3    4
 0321 2103 1302 3120
   0    0    3    4
 2103 0321 0213 2031
   1    2    4    4
 2031 0213 1230 1302
   1    2    3    3
 3120 1302 2031 3012
Angles :
N.  0:   0.4930868996   0.0830856775   2.3940320187   0.4930868996   0.0830856775   2.3940320187   
N.  1:   2.0257657782   0.7475606349   0.1581493433   2.0257657782   0.3035099827   0.1581493433   
N.  2:   2.0257657782   0.7475606349   0.1581493433   2.0257657782   0.3035099827   0.1581493433   
N.  3:   0.3798310441   1.7385668512   0.3798310441   0.3798310441   0.9193741303   0.3798310441   
N.  4:   0.3798310441   1.7385668512   0.3798310441   0.3798310441   0.9193741303   0.3798310441   
Volume: 8.5114583700  (0.7899175439, 1.3948693940, 1.3948693940, 2.4659010190, 2.4659010190)
Boundary: T^(2) 
Pi: <a, b, c, d|cdc^(-1)d^(-1)b^(-1)da^(-1)bcb^(-1)a^(-1), acdc^(-1)d^(-1)b^(-1)da^(-1)b>
Homology: Z+Z
-------------------
5
   1    2    3    4
 0321 3012 2103 1230
   0    2    3    4
 0321 3120 0213 2031
   0    1    3    4
 1230 3120 3120 1302
   0    1    2    4
 2103 0213 3120 0213
   0    1    2    3
 3012 1302 2031 0213
Angles :
N.  0:   0.3613671239   1.5707963268   0.3613671239   0.3613671239   1.8234765820   0.3613671239   
N.  1:   0.3613671239   0.3613671239   1.5707963268   0.3613671239   0.3613671239   1.8234765820   
N.  2:   0.3613671239   0.3613671239   1.5707963268   0.3613671239   0.3613671239   1.8234765820   
N.  3:   0.1253278312   0.1253278312   2.6362321431   0.1253278312   0.1253278312   2.6362321431   
N.  4:   0.3613671239   0.3613671239   1.8234765820   0.3613671239   0.3613671239   1.5707963268   
Volume: 9.1344744577  (2.0859411388, 2.0859411388, 2.0859411388, 0.7907099025, 2.0859411388)
Boundary: T^(2) 
Pi: <a, b, c|abcab^(-1)abc^(-1)b^(-1)c^(-1)a^(-1)c>
Homology: Z_(2)+Z+Z
-------------------
5
   1    2    3    4
 0321 2031 1302 1230
   0    2    4    3
 0321 0132 0213 3201
   0    1    3    4
 1302 0132 1230 0132
   0    1    4    2
 2031 2310 0132 3012
   0    1    2    3
 3012 0213 0132 0132
Angles :
N.  0:   0.3613671239   1.5707963268   0.3613671239   0.3613671239   1.8234765820   0.3613671239   
N.  1:   0.3613671239   0.3613671239   1.5707963268   0.3613671239   0.3613671239   1.8234765820   
N.  2:   1.5707963268   0.3613671239   0.3613671239   1.8234765820   0.3613671239   0.3613671239   
N.  3:   1.8234765820   0.3613671239   0.3613671239   1.5707963268   0.3613671239   0.3613671239   
N.  4:   0.1253278312   0.1253278312   2.6362321431   0.1253278312   0.1253278312   2.6362321431   
Volume: 9.1344744577  (2.0859411388, 2.0859411388, 2.0859411388, 2.0859411388, 0.7907099025)
Boundary: T^(2) 
Pi: <a, b, c|b^(2)c^(2)ac^(-1)ac^(-1)b^(-1)a^(-1)b^(-1)a^(-1)>
Homology: Z+Z+Z
-------------------
5
   1    2    3    4
 0321 3012 1302 2310
   0    2    3    4
 0321 2103 0213 3201
   0    1    3    4
 1230 2103 2031 0132
   0    1    4    2
 2031 0213 1230 1302
   0    1    2    3
 3201 2310 0132 3012
Angles :
N.  0:   1.8234765820   0.3613671239   0.3613671239   1.5707963268   0.3613671239   0.3613671239   
N.  1:   2.6362321431   0.1253278312   0.1253278312   2.6362321431   0.1253278312   0.1253278312   
N.  2:   1.5707963268   0.3613671239   0.3613671239   1.8234765820   0.3613671239   0.3613671239   
N.  3:   0.3613671239   1.8234765820   0.3613671239   0.3613671239   1.5707963268   0.3613671239   
N.  4:   0.3613671239   0.3613671239   1.5707963268   0.3613671239   0.3613671239   1.8234765820   
Volume: 9.1344744577  (2.0859411388, 0.7907099025, 2.0859411388, 2.0859411388, 2.0859411388)
Boundary: T^(2) 
Pi: <a, b, c|bab^(-1)c^(-1)a^(-1)bcb^(-1)c^(-1)aca^(-1)>
Homology: Z+Z+Z
-------------------
5
   1    1    2    3
 0321 2103 1302 1230
   0    0    2    4
 0321 2103 0213 1230
   0    1    3    4
 2031 0213 0213 2031
   0    2    4    4
 3012 0213 0321 2103
   1    2    3    3
 3012 1302 0321 2103
Angles :
N.  0:   1.8234765820   0.3613671239   0.3613671239   1.5707963268   0.3613671239   0.3613671239   
N.  1:   1.8234765820   0.3613671239   0.3613671239   1.5707963268   0.3613671239   0.3613671239   
N.  2:   0.1253278312   2.6362321431   0.1253278312   0.1253278312   2.6362321431   0.1253278312   
N.  3:   1.5707963268   0.3613671239   0.3613671239   1.8234765820   0.3613671239   0.3613671239   
N.  4:   1.5707963268   0.3613671239   0.3613671239   1.8234765820   0.3613671239   0.3613671239   
Volume: 9.1344744577  (2.0859411388, 2.0859411388, 0.7907099025, 2.0859411388, 2.0859411388)
Boundary: T^(2) 
Pi: <a, b, c|bcbacab^(-1)acb^(-1)ca^(-1)>
Homology: Z_(2)+Z+Z
-------------------
5
   1    1    2    3
 0321 2103 1302 2310
   0    0    2    4
 0321 2103 0213 2310
   0    1    3    4
 2031 0213 3012 0321
   0    2    4    4
 3201 1230 3120 0213
   1    2    3    3
 3201 0321 3120 0213
Angles :
N.  0:   1.8234765820   0.3613671239   0.3613671239   1.5707963268   0.3613671239   0.3613671239   
N.  1:   1.8234765820   0.3613671239   0.3613671239   1.5707963268   0.3613671239   0.3613671239   
N.  2:   0.1253278312   2.6362321431   0.1253278312   0.1253278312   2.6362321431   0.1253278312   
N.  3:   0.3613671239   0.3613671239   1.5707963268   0.3613671239   0.3613671239   1.8234765820   
N.  4:   0.3613671239   0.3613671239   1.5707963268   0.3613671239   0.3613671239   1.8234765820   
Volume: 9.1344744577  (2.0859411388, 2.0859411388, 0.7907099025, 2.0859411388, 2.0859411388)
Boundary: T^(2) 
Pi: <a, b, c|bcabc^(2)a^(2)b^(2)c^(-1)a^(-1)>
Homology: Z_(2)+Z+Z
-------------------
5
   1    1    2    3
 0213 3120 2103 3120
   0    0    2    4
 0213 3120 3012 3120
   0    1    3    4
 2103 1230 3012 0321
   0    2    4    4
 3120 1230 3120 0213
   1    2    3    3
 3120 0321 3120 0213
Angles :
N.  0:   0.3613671239   0.3613671239   1.5707963268   0.3613671239   0.3613671239   1.8234765820   
N.  1:   0.3613671239   0.3613671239   1.5707963268   0.3613671239   0.3613671239   1.8234765820   
N.  2:   0.1253278312   2.6362321431   0.1253278312   0.1253278312   2.6362321431   0.1253278312   
N.  3:   0.3613671239   0.3613671239   1.5707963268   0.3613671239   0.3613671239   1.8234765820   
N.  4:   0.3613671239   0.3613671239   1.5707963268   0.3613671239   0.3613671239   1.8234765820   
Volume: 9.1344744577  (2.0859411388, 2.0859411388, 0.7907099025, 2.0859411388, 2.0859411388)
Boundary: T^(2) 
Pi: <a, b, c|ab^(-1)a^(-1)c^(-2)b^(-1)a^(-2)c^(-1)b^(-1)cb^(-1)>
Homology: Z_(2)+Z+Z
-------------------
5
   0    0    1    2
 1230 3012 1302 3120
   0    2    3    4
 2031 2103 1302 3120
   0    1    4    3
 3120 2103 0213 2031
   1    2    4    4
 2031 1302 0321 2103
   1    2    3    3
 3120 0213 0321 2103
Angles :
N.  0:   0.5202784488   0.7566387286   0.5202784488   0.5202784488   1.2319868638   0.5202784488   
N.  1:   1.1276533813   0.6167872161   0.3520532681   1.1276533813   1.1964900715   0.3520532681   
N.  2:   1.1276533813   0.6167872161   0.3520532681   1.1276533813   1.1964900715   0.3520532681   
N.  3:   2.5433476178   0.2702924590   0.1247106843   2.5433476178   0.1524012707   0.1247106843   
N.  4:   2.5433476178   0.2702924590   0.1247106843   2.5433476178   0.1524012707   0.1247106843   
Volume: 9.1513431838  (2.7847645159, 2.3033029491, 2.3033029491, 0.8799863848, 0.8799863848)
Boundary: T^(2) 
Pi: <a, b, c, d|cd^(-1)a^(2)bc^(-1)db^(-1)ab^(-1), ca^(-1)bd^(-1)cb^(-1)a^(-2)d^(2)>
Homology: Z+Z
-------------------
5
   0    0    1    2
 1230 3012 2103 1230
   0    2    3    4
 2103 3120 2103 1230
   0    1    4    3
 3012 3120 3012 0321
   1    2    4    4
 2103 0321 3120 0213
   1    2    3    3
 3012 1230 3120 0213
Angles :
N.  0:   0.5202784488   0.7566387286   0.5202784488   0.5202784488   1.2319868638   0.5202784488   
N.  1:   0.3520532681   0.6167872161   1.1276533813   0.3520532681   1.1964900715   1.1276533813   
N.  2:   0.3520532681   0.6167872161   1.1276533813   0.3520532681   1.1964900715   1.1276533813   
N.  3:   0.1247106843   0.2702924590   2.5433476178   0.1247106843   0.1524012707   2.5433476178   
N.  4:   0.1247106843   0.2702924590   2.5433476178   0.1247106843   0.1524012707   2.5433476178   
Volume: 9.1513431838  (2.7847645159, 2.3033029491, 2.3033029491, 0.8799863848, 0.8799863848)
Boundary: T^(2) 
Pi: <a, b, c|cb^(-1)ac^(-1)ba^(2)c^(3)b^(-1)ac^(-1)ba^(2)b>
Homology: Z+Z
-------------------
5
   0    0    1    2
 1230 3012 1302 3120
   0    2    3    4
 2031 0132 1302 3120
   0    1    4    3
 3120 0132 0213 2031
   1    2    4    4
 2031 1302 0321 2103
   1    2    3    3
 3120 0213 0321 2103
Angles :
N.  0:   1.4497216022   0.4283830264   0.4283830264   1.4497216022   0.4283830264   0.4283830264   
N.  1:   0.3439980788   1.6918710514   0.3439980788   0.3439980788   1.8351101106   0.3439980788   
N.  2:   0.3439980788   1.6918710514   0.3439980788   0.3439980788   1.8351101106   0.3439980788   
N.  3:   2.2240375983   0.2272085713   0.2272085713   2.2240375983   0.2272085713   0.2272085713   
N.  4:   2.2240375983   0.2272085713   0.2272085713   2.2240375983   0.2272085713   0.2272085713   
Volume: 9.2292316664  (2.3809134529, 2.0180728967, 2.0180728967, 1.4060862100, 1.4060862100)
Boundary: T^(2) 
Pi: <a, b, c|a^(3)b^(-1)c^(-1)b^(-1)ab^(-1)cb^(-1)c^(2)>
Homology: Z_(2)+Z+Z
-------------------
5
   0    0    1    2
 1230 3012 1302 3120
   0    2    3    4
 2031 0132 2103 1230
   0    1    4    3
 3120 0132 3012 0321
   1    2    4    4
 2103 0321 3120 0213
   1    2    3    3
 3012 1230 3120 0213
Angles :
N.  0:   1.4497216022   0.4283830264   0.4283830264   1.4497216022   0.4283830264   0.4283830264   
N.  1:   0.3439980788   1.6918710514   0.3439980788   0.3439980788   1.8351101106   0.3439980788   
N.  2:   0.3439980788   1.6918710514   0.3439980788   0.3439980788   1.8351101106   0.3439980788   
N.  3:   0.2272085713   0.2272085713   2.2240375983   0.2272085713   0.2272085713   2.2240375983   
N.  4:   0.2272085713   0.2272085713   2.2240375983   0.2272085713   0.2272085713   2.2240375983   
Volume: 9.2292316664  (2.3809134529, 2.0180728967, 2.0180728967, 1.4060862100, 1.4060862100)
Boundary: T^(2) 
Pi: <a, b, c|a^(3)b^(-1)c^(-1)b^(-1)c^(-2)ab^(-1)cb^(-1)>
Homology: Z_(2)+Z+Z
-------------------
5
   0    0    1    2
 1230 3012 2103 3120
   0    2    3    4
 2103 0132 2103 1230
   0    1    4    3
 3120 0132 3012 0321
   1    2    4    4
 2103 0321 3120 0213
   1    2    3    3
 3012 1230 3120 0213
Angles :
N.  0:   0.5202010896   0.7607194803   0.5202010896   0.5202010896   1.2389579170   0.5202010896   
N.  1:   0.4496262253   0.6671937750   0.8672608574   0.8672608574   1.3400330870   0.4496262253   
N.  2:   0.8672608574   0.6671937750   0.4496262253   0.4496262253   1.3400330870   0.8672608574   
N.  3:   0.0192135404   0.0233724111   3.0493350619   0.0192135404   0.0416820800   3.0493350619   
N.  4:   0.5488947830   0.4357123144   1.8938171583   0.5488947830   0.2469695257   1.8938171583   
Volume: 9.2505058088  (2.7780631653, 2.3931232150, 2.3931232150, 0.1374982541, 1.5486979594)
Boundary: T^(2) 
Pi: <a, b, c|b^(2)c^(-1)a^(2)bca^(-1)bc^(-2)a^(2)bca^(-1)bc^(-1)a^(2)bca^(-1)>
Homology: Z+Z
-------------------
5
   0    0    1    2
 1230 3012 2103 3120
   0    2    3    4
 2103 0132 1302 3120
   0    1    4    3
 3120 0132 0213 2031
   1    2    4    4
 2031 1302 0321 2103
   1    2    3    3
 3120 0213 0321 2103
Angles :
N.  0:   0.5202010896   0.7607194803   0.5202010896   0.5202010896   1.2389579170   0.5202010896   
N.  1:   0.4496262253   0.6671937750   0.8672608574   0.8672608574   1.3400330870   0.4496262253   
N.  2:   0.8672608574   0.6671937750   0.4496262253   0.4496262253   1.3400330870   0.8672608574   
N.  3:   3.0493350619   0.0233724111   0.0192135404   3.0493350619   0.0416820800   0.0192135404   
N.  4:   1.8938171583   0.4357123144   0.5488947830   1.8938171583   0.2469695257   0.5488947830   
Volume: 9.2505058088  (2.7780631653, 2.3931232150, 2.3931232150, 0.1374982541, 1.5486979594)
Boundary: T^(2) 
Pi: <a, b, c|bc^(-2)ba^(2)b^(2)a^(-1)bc^(-2)ba^(2)bca^(-1)>
Homology: Z+Z
-------------------
5
   1    2    3    4
 0213 3012 3201 1230
   0    2    3    4
 0213 0132 3012 0321
   0    1    3    4
 1230 0132 1023 0132
   0    1    2    4
 2310 1230 1023 1023
   0    1    2    3
 3012 0321 0132 1023
Angles :
N.  0:   0.5804150619   0.4123144363   1.6853598309   0.4455896812   0.3978301742   1.2960408016   
N.  1:   0.5058147188   0.6316377169   1.4668735625   0.6316377169   0.5058147188   0.8701845398   
N.  2:   0.4123144363   1.2960408016   0.4455896812   0.3978301742   1.6853598309   0.5804150619   
N.  3:   0.6316377169   0.8701845398   0.6316377169   0.5058147188   1.4668735625   0.5058147188   
N.  4:   0.0028286537   3.1309519137   0.0026300576   0.0037227127   3.1309519137   0.0026300576   
Volume: 9.3334429281  (2.2166688707, 2.4419497792, 2.2166688707, 2.4419497792, 0.0162056282)
Boundary: T^(2) 
Pi: <a, b, c|bcb^(-1)c^(-1)a^(2)c^(-1)b^(-1)aca^(-2)cbc^(-1)>
Homology: Z+Z
-------------------
5
   0    0    1    2
 1230 3012 3201 2310
   0    2    3    4
 2310 0132 2103 1230
   0    1    4    3
 3201 0132 0213 0321
   1    2    4    4
 2103 0321 3120 0213
   1    2    3    3
 3012 0213 3120 0213
Angles :
N.  0:   0.4709998325   0.9755390268   0.4709998325   0.4709998325   1.6026865095   0.4709998325   
N.  1:   0.0374449439   3.0006680083   0.0348148863   0.0492760648   3.0009057964   0.0348060060   
N.  2:   0.3991847073   1.6798307894   0.4471293226   0.4136123290   1.2923180889   0.5823616521   
N.  3:   0.3978301742   0.4455896812   1.6853598309   0.4123144363   0.5804150619   1.2960408016   
N.  4:   0.6353604296   0.4004602318   1.5969196799   0.6353604296   0.4004602318   1.2120527788   
Volume: 9.3334429281  (2.4478940785, 0.2142732401, 2.2215780292, 2.2166688707, 2.2330287095)
Boundary: T^(2) 
Pi: <a, b, c|bcb^(-1)a^(2)bcba^(-1)bc^(-1)a^(2)bcba^(-1)>
Homology: Z+Z
-------------------
5
   0    0    1    2
 1230 3012 3201 2310
   0    2    3    4
 2310 0132 1302 1230
   0    1    4    3
 3201 0132 0213 2031
   1    2    4    4
 2031 1302 0321 2103
   1    2    3    3
 3012 0213 0321 2103
Angles :
N.  0:   0.4709998325   0.9755390268   0.4709998325   0.4709998325   1.6026865095   0.4709998325   
N.  1:   0.4471293226   1.6798307894   0.3991847073   0.5823616521   1.2923180889   0.4136123290   
N.  2:   0.0348148863   3.0006680083   0.0374449439   0.0348060060   3.0009057964   0.0492760648   
N.  3:   1.2960408016   0.4455896812   0.4123144363   1.6853598309   0.5804150619   0.3978301742   
N.  4:   1.2120527788   0.4004602318   0.6353604296   1.5969196799   0.4004602318   0.6353604296   
Volume: 9.3334429281  (2.4478940785, 2.2215780292, 0.2142732401, 2.2166688707, 2.2330287095)
Boundary: T^(2) 
Pi: <a, b, c|bcb^(-2)a^(-2)cacba^(-1)c^(-1)a^(2)b>
Homology: Z+Z
-------------------
5
   1    2    3    4
 0213 3012 3201 1230
   0    2    3    4
 0213 0132 0213 0321
   0    1    3    4
 1230 0132 1023 0132
   0    1    2    4
 2310 0213 1023 1023
   0    1    2    3
 3012 0321 0132 1023
Angles :
N.  0:   0.5804150619   0.4123144363   1.6853598309   0.4455896812   0.3978301742   1.2960408016   
N.  1:   0.5058147188   0.6316377169   1.4668735625   0.6316377169   0.5058147188   0.8701845398   
N.  2:   0.4123144363   1.2960408016   0.4455896812   0.3978301742   1.6853598309   0.5804150619   
N.  3:   0.6316377169   0.8701845398   0.6316377169   0.5058147188   1.4668735625   0.5058147188   
N.  4:   0.0028286537   3.1309519137   0.0026300576   0.0037227127   3.1309519137   0.0026300576   
Volume: 9.3334429281  (2.2166688707, 2.4419497792, 2.2166688707, 2.4419497792, 0.0162056282)
Boundary: T^(2) 
Pi: <a, b, c|bca^(-2)cb^(-1)c^(-1)b^(-1)acbc^(-1)a^(2)c^(-1)>
Homology: Z+Z
-------------------
5
   1    1    2    3
 1302 1023 2103 3120
   0    0    2    4
 1023 2031 0213 1230
   0    1    3    4
 2103 0213 3012 2031
   0    2    4    4
 3120 1230 0132 1302
   1    2    3    3
 3012 1302 2031 0132
Angles :
N.  0:   0.6316377169   0.6316377169   0.8701845398   0.5058147188   0.5058147188   1.4668735625   
N.  1:   1.6853598309   0.5804150619   0.4123144363   1.2960408016   0.4455896812   0.3978301742   
N.  2:   0.0037227126   3.1309519137   0.0026300576   0.0028286537   3.1309519137   0.0026300576   
N.  3:   0.5058147188   0.5058147188   0.8701845398   0.6316377169   0.6316377169   1.4668735625   
N.  4:   1.2960408016   0.4455896812   0.4123144363   1.6853598309   0.5804150619   0.3978301742   
Volume: 9.3334429281  (2.4419497792, 2.2166688707, 0.0162056282, 2.4419497792, 2.2166688707)
Boundary: T^(2) 
Pi: <a, b, c|cbc^(-1)a^(-1)ba^(2)bc^(2)b^(-1)a^(2)bc>
Homology: Z_(3)+Z+Z
-------------------
5
   1    1    2    3
 1302 1023 2103 2310
   0    0    2    4
 1023 2031 0213 1230
   0    1    3    4
 2103 0213 3012 2031
   0    2    4    4
 3201 1230 0132 1302
   1    2    3    3
 3012 1302 2031 0132
Angles :
N.  0:   0.6316377169   0.6316377169   0.8701845398   0.5058147188   0.5058147188   1.4668735626   
N.  1:   1.6853598309   0.5804150619   0.4123144363   1.2960408016   0.4455896812   0.3978301742   
N.  2:   0.0037227127   3.1309519137   0.0026300576   0.0028286537   3.1309519137   0.0026300576   
N.  3:   0.5058147188   0.5058147188   0.8701845398   0.6316377169   0.6316377169   1.4668735626   
N.  4:   1.2960408016   0.4455896812   0.4123144363   1.6853598309   0.5804150619   0.3978301742   
Volume: 9.3334429281  (2.4419497792, 2.2166688707, 0.0162056283, 2.4419497792, 2.2166688707)
Boundary: T^(2) 
Pi: <a, b, c|c^(2)a^(-1)b^(2)c^(-1)a^(2)bc^(2)b^(-1)a^(2)b>
Homology: Z_(3)+Z+Z
-------------------
5
   1    2    3    4
 0321 3012 1302 1230
   0    2    4    3
 0321 0132 0213 3201
   0    1    3    4
 1230 0132 1230 0132
   0    1    4    2
 2031 2310 0132 3012
   0    1    2    3
 3012 0213 0132 0132
Angles :
N.  0:   0.4634273815   1.2347610200   0.4359234354   0.5720228694   1.6520802498   0.4236239693   
N.  1:   0.4325239835   0.4325239835   1.2966810343   0.4325239835   0.4325239835   1.7163986590   
N.  2:   1.2347610200   0.4236239693   0.5720228694   1.6520802498   0.4359234354   0.4634273815   
N.  3:   1.7163986590   0.4325239835   0.4325239835   1.2966810343   0.4325239835   0.4325239835   
N.  4:   0.0762554596   0.0578814715   2.9147063984   0.0612809234   0.0578814715   2.9147063984   
Volume: 9.3502613526  (2.2614850437, 2.2412751721, 2.2614850437, 2.2412751721, 0.3447409210)
Boundary: T^(2) 
Pi: <a, b, c|c^(2)b^(-2)ab^(-2)abc^(-1)a^(-1)c^(-1)a^(-1)>
Homology: Z+Z_(3)+Z
-------------------
5
   1    1    2    3
 0321 2103 1302 1230
   0    0    2    4
 0321 2103 0213 3120
   0    1    3    4
 2031 0213 0213 2031
   0    2    4    4
 3012 0213 0321 2103
   1    2    3    3
 3120 1302 0321 2103
Angles :
N.  0:   1.7163986590   0.4325239835   0.4325239835   1.2966810343   0.4325239835   0.4325239835   
N.  1:   1.6520802498   0.4634273815   0.4236239693   1.2347610200   0.5720228694   0.4359234354   
N.  2:   0.0612809234   2.9147063984   0.0578814715   0.0762554596   2.9147063984   0.0578814715   
N.  3:   1.2966810343   0.4325239835   0.4325239835   1.7163986590   0.4325239835   0.4325239835   
N.  4:   1.2347610200   0.5720228694   0.4236239693   1.6520802498   0.4634273815   0.4359234354   
Volume: 9.3502613526  (2.2412751721, 2.2614850437, 0.3447409210, 2.2412751721, 2.2614850437)
Boundary: T^(2) 
Pi: <a, b, c|c^(2)a^(-1)b^(-1)c^(-1)b^(-1)aca^(-1)b^(-1)c^(-1)b^(-1)ab^(-1)ab^(-1)>
Homology: Z+Z
-------------------
5
   0    0    1    2
 1230 3012 2103 1230
   0    2    3    4
 2103 3120 1302 3120
   0    1    4    3
 3012 3120 0213 2031
   1    2    4    4
 2031 1302 0321 2103
   1    2    3    3
 3120 0213 0321 2103
Angles :
N.  0:   0.5593037389   0.7348746875   0.5593037389   0.5593037389   1.1040825100   0.5593037389   
N.  1:   0.3760355943   0.7532181761   0.8963737135   0.3760355943   1.4069164016   0.8963737135   
N.  2:   0.3760355943   0.7532181761   0.8963737135   0.3760355943   1.4069164016   0.8963737135   
N.  3:   2.4381344528   0.1502584673   0.2785364074   2.4381344528   0.2397311569   0.2785364074   
N.  4:   2.4381344528   0.1502584673   0.2785364074   2.4381344528   0.2397311569   0.2785364074   
Volume: 9.4300899759  (2.8253350239, 2.3453990900, 2.3453990900, 0.9569783860, 0.9569783860)
Boundary: T^(2) 
Pi: <a, b, c|b^(2)c^(-1)b^(-1)a^(-2)c^(-1)a^(-1)bc^(-1)b^(-1)aca^(2)bcb^(-1)aca^(2)>
Homology: Z+Z
-------------------
5
   0    0    1    2
 1230 3012 1302 3120
   0    2    3    4
 2031 2103 2103 1230
   0    1    4    3
 3120 2103 3012 0321
   1    2    4    4
 2103 0321 3120 0213
   1    2    3    3
 3012 1230 3120 0213
Angles :
N.  0:   0.5593037389   0.7348746875   0.5593037389   0.5593037389   1.1040825100   0.5593037389   
N.  1:   0.8963737135   0.7532181761   0.3760355943   0.8963737135   1.4069164016   0.3760355943   
N.  2:   0.8963737135   0.7532181761   0.3760355943   0.8963737135   1.4069164016   0.3760355943   
N.  3:   0.2785364074   0.1502584673   2.4381344528   0.2785364074   0.2397311569   2.4381344528   
N.  4:   0.2785364074   0.1502584673   2.4381344528   0.2785364074   0.2397311569   2.4381344528   
Volume: 9.4300899759  (2.8253350239, 2.3453990900, 2.3453990900, 0.9569783860, 0.9569783860)
Boundary: T^(2) 
Pi: <a, b, c|b^(2)c^(-1)b^(-1)ac^(-1)a^(2)bc^(-1)b^(-1)a^(-2)ca^(-1)bcb^(-1)a^(-2)ca^(-1)>
Homology: Z+Z
-------------------
5
   0    0    1    2
 1230 3012 2103 1230
   0    2    3    4
 2103 0132 1302 3120
   0    1    4    3
 3012 0132 0213 2031
   1    2    4    4
 2031 1302 0321 2103
   1    2    3    3
 3120 0213 0321 2103
Angles :
N.  0:   0.4561224017   0.8525499285   1.1521945728   0.4561224017   0.5638872285   1.1521945728   
N.  1:   0.3774200786   1.5631231165   0.3774200786   0.3774200786   1.7639697869   0.3774200786   
N.  2:   0.3774200786   1.5631231165   0.3774200786   0.3774200786   1.7639697869   0.3774200786   
N.  3:   2.2596077602   0.2234615808   0.2234615808   2.2596077602   0.2234615808   0.2234615808   
N.  4:   2.2596077602   0.2234615808   0.2234615808   2.2596077602   0.2234615808   0.2234615808   
Volume: 9.4350088960  (2.4978590592, 2.1217736509, 2.1217736509, 1.3468012675, 1.3468012675)
Boundary: T^(2) 
Pi: <a, b, c|bca^(2)bc^(2)bc^(-1)a^(2)ba^(-1)>
Homology: Z+Z
-------------------
5
   0    0    1    2
 1230 3012 2103 1230
   0    2    3    4
 2103 0132 2103 1230
   0    1    4    3
 3012 0132 3012 0321
   1    2    4    4
 2103 0321 3120 0213
   1    2    3    3
 3012 1230 3120 0213
Angles :
N.  0:   0.4561224017   0.8525499285   1.1521945728   0.4561224017   0.5638872285   1.1521945728   
N.  1:   0.3774200786   1.5631231165   0.3774200786   0.3774200786   1.7639697869   0.3774200786   
N.  2:   0.3774200786   1.5631231165   0.3774200786   0.3774200786   1.7639697869   0.3774200786   
N.  3:   0.2234615808   0.2234615808   2.2596077602   0.2234615808   0.2234615808   2.2596077602   
N.  4:   0.2234615808   0.2234615808   2.2596077602   0.2234615808   0.2234615808   2.2596077602   
Volume: 9.4350088960  (2.4978590592, 2.1217736509, 2.1217736509, 1.3468012675, 1.3468012675)
Boundary: T^(2) 
Pi: <a, b, c|bca^(2)b^(2)c^(-1)a^(2)bc^(-2)a^(-1)>
Homology: Z+Z
-------------------
5
   0    0    1    2
 1230 3012 2103 1230
   0    2    3    4
 2103 2103 1302 3120
   0    1    4    3
 3012 2103 0213 2031
   1    2    4    4
 2031 1302 0321 2103
   1    2    3    3
 3120 0213 0321 2103
Angles :
N.  0:   1.1621450326   0.5213621414   0.5213621414   1.1621450326   0.5213621414   0.5213621414   
N.  1:   0.8600250395   0.7601002266   0.4239132701   0.8600250395   1.3368880730   0.4239132701   
N.  2:   0.8600250395   0.7601002266   0.4239132701   0.8600250395   1.3368880730   0.4239132701   
N.  3:   2.4731486171   0.2593975419   0.1570986311   2.4731486171   0.1767443417   0.1570986311   
N.  4:   2.4731486171   0.2593975419   0.1570986311   2.4731486171   0.1767443417   0.1570986311   
Volume: 9.4657435123  (2.6286494017, 2.4251833906, 2.4251833906, 0.9933636647, 0.9933636647)
Boundary: T^(2) 
Pi: <a, b, c, d|ba^(2)bd^(-1)cb^(-1)dc^(-1)a^(-1), ca^(2)bd^(-1)cb^(-1)d^(2)>
Homology: Z+Z
-------------------
5
   0    0    1    2
 1230 3012 3201 2310
   0    2    3    4
 2310 3120 2103 1230
   0    1    4    3
 3201 3120 3012 0321
   1    2    4    4
 2103 0321 3120 0213
   1    2    3    3
 3012 1230 3120 0213
Angles :
N.  0:   1.1621450326   0.5213621414   0.5213621414   1.1621450326   0.5213621414   0.5213621414   
N.  1:   0.4239132701   0.7601002266   0.8600250395   0.4239132701   1.3368880730   0.8600250395   
N.  2:   0.4239132701   0.7601002266   0.8600250395   0.4239132701   1.3368880730   0.8600250395   
N.  3:   0.1570986311   0.2593975419   2.4731486171   0.1570986311   0.1767443417   2.4731486171   
N.  4:   0.1570986311   0.2593975419   2.4731486171   0.1570986311   0.1767443417   2.4731486171   
Volume: 9.4657435123  (2.6286494017, 2.4251833906, 2.4251833906, 0.9933636647, 0.9933636647)
Boundary: T^(2) 
Pi: <a, b, c|c^(2)b^(-1)a^(-2)c^(-1)a^(-1)b^(2)cb^(-1)a^(-2)c^(-1)a^(-1)bac>
Homology: Z+Z
-------------------
5
   0    0    1    2
 1230 3012 2103 2310
   0    2    3    4
 2103 0132 1302 3120
   0    1    4    3
 3201 0132 0213 2031
   1    2    4    4
 2031 1302 0321 2103
   1    2    3    3
 3120 0213 0321 2103
Angles :
N.  0:   1.1047981459   0.5430611278   0.5430611278   1.1047981459   0.5430611278   0.5430611278   
N.  1:   0.7145879009   0.8102952662   0.4847451042   0.4847451042   1.4178196346   0.7145879009   
N.  2:   0.4847451042   0.8102952662   0.7145879009   0.7145879009   1.4178196346   0.4847451042   
N.  3:   2.1545104126   0.3258803784   0.3638247293   2.1545104126   0.2308404709   0.3638247293   
N.  4:   2.7108552599   0.1141634285   0.1031829736   2.7108552599   0.1617075748   0.1031829736   
Volume: 9.5448822281  (2.6655249735, 2.4398584015, 2.4398584015, 1.3516864653, 0.6479539863)
Boundary: T^(2) 
Pi: <a, b, c|bc^(-1)a^(2)bcbc^(-2)a^(2)bcbc^(-1)a^(2)bcba^(-1)>
Homology: Z+Z
-------------------
5
   0    0    1    2
 1230 3012 2103 2310
   0    2    3    4
 2103 0132 2103 1230
   0    1    4    3
 3201 0132 3012 0321
   1    2    4    4
 2103 0321 3120 0213
   1    2    3    3
 3012 1230 3120 0213
Angles :
N.  0:   1.1047981459   0.5430611278   0.5430611278   1.1047981459   0.5430611278   0.5430611278   
N.  1:   0.7145879009   0.8102952662   0.4847451042   0.4847451042   1.4178196346   0.7145879009   
N.  2:   0.4847451042   0.8102952662   0.7145879009   0.7145879009   1.4178196346   0.4847451042   
N.  3:   0.3638247293   0.3258803784   2.1545104126   0.3638247293   0.2308404709   2.1545104126   
N.  4:   0.1031829736   0.1141634285   2.7108552599   0.1031829736   0.1617075748   2.7108552599   
Volume: 9.5448822281  (2.6655249735, 2.4398584015, 2.4398584015, 1.3516864653, 0.6479539863)
Boundary: T^(2) 
Pi: <a, b, c|bc^(-2)a^(-1)ba^(3)c^(2)bc^(-2)a^(-1)ba^(2)bc>
Homology: Z+Z
-------------------
5
   0    0    1    2
 1230 3012 3201 2310
   0    2    3    4
 2310 2103 1302 3120
   0    1    4    3
 3201 2103 0213 2031
   1    2    4    4
 2031 1302 0321 2103
   1    2    3    3
 3120 0213 0321 2103
Angles :
N.  0:   0.5515523782   0.8180013166   0.9597511802   0.5515523782   0.6287173106   0.9597511802   
N.  1:   0.7613301170   0.8274044378   0.4571290166   0.7613301170   1.3876318683   0.4571290166   
N.  2:   0.7613301170   0.8274044378   0.4571290166   0.7613301170   1.3876318683   0.4571290166   
N.  3:   2.4477767195   0.2501805811   0.1729610418   2.4477767195   0.1880970655   0.1729610418   
N.  4:   2.4477767195   0.2501805811   0.1729610418   2.4477767195   0.1880970655   0.1729610418   
Volume: 9.6061522272  (2.6605488385, 2.4414001687, 2.4414001687, 1.0314015257, 1.0314015257)
Boundary: T^(2) 
Pi: <a, b, c|bc^(-2)b^(-1)a^(-2)b^(-1)c^(-1)b^(-1)a^(-2)c^(2)a^(-1)>
Homology: Z+Z
-------------------
5
   0    0    1    2
 1230 3012 1302 3120
   0    2    3    4
 2031 3120 2103 1230
   0    1    4    3
 3120 3120 3012 0321
   1    2    4    4
 2103 0321 3120 0213
   1    2    3    3
 3012 1230 3120 0213
Angles :
N.  0:   0.5515523782   0.8180013166   0.9597511802   0.5515523782   0.6287173106   0.9597511802   
N.  1:   0.4571290166   0.8274044378   0.7613301170   0.4571290166   1.3876318683   0.7613301170   
N.  2:   0.4571290166   0.8274044378   0.7613301170   0.4571290166   1.3876318683   0.7613301170   
N.  3:   0.1729610418   0.2501805811   2.4477767195   0.1729610418   0.1880970655   2.4477767195   
N.  4:   0.1729610418   0.2501805811   2.4477767195   0.1729610418   0.1880970655   2.4477767195   
Volume: 9.6061522272  (2.6605488385, 2.4414001687, 2.4414001687, 1.0314015257, 1.0314015257)
Boundary: T^(2) 
Pi: <a, b, c|ba^(2)bc^(-2)b^(-1)c^(2)a^(2)bc^(-1)a^(-1)>
Homology: Z+Z
-------------------
5
   0    0    1    2
 1230 3012 3201 2310
   0    2    3    4
 2310 3120 1302 3120
   0    1    4    3
 3201 3120 0213 2031
   1    2    4    4
 2031 1302 0321 2103
   1    2    3    3
 3120 0213 0321 2103
Angles :
N.  0:   0.9840914855   0.5918335337   0.5918335337   0.9840914855   0.5918335337   0.5918335337   
N.  1:   0.4517703168   0.8736898081   0.7097767626   0.4517703168   1.4634519448   0.7097767626   
N.  2:   0.4517703168   0.8736898081   0.7097767626   0.4517703168   1.4634519448   0.7097767626   
N.  3:   2.4098666812   0.1806951444   0.2520175472   2.4098666812   0.2339125485   0.2520175472   
N.  4:   2.4098666812   0.1806951444   0.2520175472   2.4098666812   0.2339125485   0.2520175472   
Volume: 9.6313182840  (2.7286229894, 2.4103482454, 2.4103482454, 1.0409994019, 1.0409994019)
Boundary: T^(2) 
Pi: <a, b, c|bc^(-1)b^(-1)c^(-1)a^(2)bc^(-1)b^(-1)a^(-2)cbcb^(-1)a^(-2)cba^(-1)>
Homology: Z+Z
-------------------
5
   0    0    1    2
 1230 3012 2103 1230
   0    2    3    4
 2103 2103 2103 1230
   0    1    4    3
 3012 2103 3012 0321
   1    2    4    4
 2103 0321 3120 0213
   1    2    3    3
 3012 1230 3120 0213
Angles :
N.  0:   0.9840914855   0.5918335337   0.5918335337   0.9840914855   0.5918335337   0.5918335337   
N.  1:   0.7097767626   0.8736898081   0.4517703168   0.7097767626   1.4634519448   0.4517703168   
N.  2:   0.7097767626   0.8736898081   0.4517703168   0.7097767626   1.4634519448   0.4517703168   
N.  3:   0.2520175472   0.1806951444   2.4098666812   0.2520175472   0.2339125485   2.4098666812   
N.  4:   0.2520175472   0.1806951444   2.4098666812   0.2520175472   0.2339125485   2.4098666812   
Volume: 9.6313182840  (2.7286229894, 2.4103482454, 2.4103482454, 1.0409994019, 1.0409994019)
Boundary: T^(2) 
Pi: <a, b, c|bc^(-1)b^(-1)a^(-2)c^(-1)bc^(-1)b^(-1)ca^(2)bcb^(-1)ca^(2)ba^(-1)>
Homology: Z+Z
-------------------
5
   0    0    1    2
 1230 3012 1302 2310
   0    2    3    4
 2031 0132 2103 1230
   0    1    4    3
 3201 0132 3012 0321
   1    2    4    4
 2103 0321 3120 0213
   1    2    3    3
 3012 1230 3120 0213
Angles :
N.  0:   0.5875009806   0.8005492876   0.9022716528   0.5875009806   0.6510513444   0.9022716528   
N.  1:   0.5065116214   0.8825230943   0.6496751618   0.6496751618   1.4489241271   0.5065116214   
N.  2:   0.6496751618   0.8825230943   0.5065116214   0.5065116214   1.4489241271   0.6496751618   
N.  3:   0.1434490508   0.1527719544   2.5845148280   0.1434490508   0.1912961343   2.5845148280   
N.  4:   0.3025084291   0.2830790744   2.2497463521   0.3025084291   0.2263692711   2.2497463521   
Volume: 9.6646443502  (2.6969007064, 2.4366884492, 2.4366884492, 0.8342055535, 1.2601611920)
Boundary: T^(2) 
Pi: <a, b, c|a^(2)bc^(-2)b^(-1)c^(-2)a^(2)b^(-1)c^(-1)b^(-1)c^(-2)a>
Homology: Z+Z
-------------------
5
   0    0    1    2
 1230 3012 1302 2310
   0    2    3    4
 2031 0132 1302 3120
   0    1    4    3
 3201 0132 0213 2031
   1    2    4    4
 2031 1302 0321 2103
   1    2    3    3
 3120 0213 0321 2103
Angles :
N.  0:   0.5875009806   0.8005492876   0.9022716528   0.5875009806   0.6510513444   0.9022716528   
N.  1:   0.5065116214   0.8825230943   0.6496751618   0.6496751618   1.4489241271   0.5065116214   
N.  2:   0.6496751618   0.8825230943   0.5065116214   0.5065116214   1.4489241271   0.6496751618   
N.  3:   2.5845148280   0.1527719544   0.1434490508   2.5845148280   0.1912961343   0.1434490508   
N.  4:   2.2497463521   0.2830790744   0.3025084291   2.2497463521   0.2263692711   0.3025084291   
Volume: 9.6646443502  (2.6969007064, 2.4366884492, 2.4366884492, 0.8342055535, 1.2601611920)
Boundary: T^(2) 
Pi: <a, b, c|ba^(2)bc^(-1)bc^(2)b^(-1)a^(-2)c^(2)a^(-1)>
Homology: Z+Z
-------------------
5
   0    0    1    2
 1230 3012 3201 2310
   0    2    3    4
 2310 2103 2103 1230
   0    1    4    3
 3201 2103 3012 0321
   1    2    4    4
 2103 0321 3120 0213
   1    2    3    3
 3012 1230 3120 0213
Angles :
N.  0:   0.6480176692   0.7694318417   0.8188125693   0.6480176692   0.6862398823   0.8188125693   
N.  1:   0.6200316847   0.9478556813   0.5009225882   0.6200316847   1.4851409346   0.5009225882   
N.  2:   0.6200316847   0.9478556813   0.5009225882   0.6200316847   1.4851409346   0.5009225882   
N.  3:   0.2353460866   0.2007541854   2.3990221863   0.2353460866   0.2273086208   2.3990221863   
N.  4:   0.2353460866   0.2007541854   2.3990221863   0.2353460866   0.2273086208   2.3990221863   
Volume: 9.7112448522  (2.7356644422, 2.4115590910, 2.4115590910, 1.0762311140, 1.0762311140)
Boundary: T^(2) 
Pi: <a, b, c|bc^(-2)b^(-1)a^(-2)c^(2)b^(-1)c^(-1)b^(-1)a^(-2)c^(2)a^(-1)>
Homology: Z+Z
-------------------
5
   0    0    1    2
 1230 3012 1302 3120
   0    2    3    4
 2031 3120 1302 3120
   0    1    4    3
 3120 3120 0213 2031
   1    2    4    4
 2031 1302 0321 2103
   1    2    3    3
 3120 0213 0321 2103
Angles :
N.  0:   0.6480176692   0.7694318417   0.8188125693   0.6480176692   0.6862398823   0.8188125693   
N.  1:   0.5009225882   0.9478556813   0.6200316847   0.5009225882   1.4851409346   0.6200316847   
N.  2:   0.5009225882   0.9478556813   0.6200316847   0.5009225882   1.4851409346   0.6200316847   
N.  3:   2.3990221863   0.2007541854   0.2353460866   2.3990221863   0.2273086208   0.2353460866   
N.  4:   2.3990221863   0.2007541854   0.2353460866   2.3990221863   0.2273086208   0.2353460866   
Volume: 9.7112448522  (2.7356644422, 2.4115590910, 2.4115590910, 1.0762311140, 1.0762311140)
Boundary: T^(2) 
Pi: <a, b, c|a^(2)b^(-1)a^(-2)c^(2)bc^(-2)b^(-1)cb^(-1)c^(-2)a>
Homology: Z+Z
-------------------
5
   1    1    2    2
 0321 2103 1302 2031
   0    0    3    4
 0321 2103 1302 3120
   0    0    3    4
 2031 1302 0213 2031
   1    2    4    4
 2031 0213 0321 2103
   1    2    3    3
 3120 1302 0321 2103
Angles :
N.  0:   0.7972748780   0.6972607014   0.6672057302   0.7972748780   0.7607487172   0.6672057302   
N.  1:   0.6058977105   0.9600488244   0.5150265298   0.6058977105   1.4793453713   0.5150265298   
N.  2:   0.5928564234   1.0632606538   0.5043572166   0.5928564234   1.4945474408   0.5043572166   
N.  3:   2.4019199679   0.2335589562   0.2069874259   2.3943189332   0.2124817299   0.2068792583   
N.  4:   2.4019199679   0.2335589562   0.2069874259   2.3943189332   0.2124817299   0.2068792583   
Volume: 9.7198997578  (2.7400239526, 2.4135603606, 2.3713240736, 1.0974956855, 1.0974956855)
Boundary: T^(2) 
Pi: <a, b, c|ba^(-1)c^(2)b^(-1)acb^(2)a^(-1)c^(2)b^(-1)ac^(2)a^(-1)>
Homology: Z+Z
-------------------
5
   1    1    2    2
 0321 2103 1302 2031
   0    0    3    4
 0321 2103 2103 1230
   0    0    3    4
 2031 1302 3012 0321
   1    2    4    4
 2103 1230 3120 0213
   1    2    3    3
 3012 0321 3120 0213
Angles :
N.  0:   0.6672057302   0.7607487172   0.7972748780   0.6672057302   0.6972607014   0.7972748780   
N.  1:   0.5043572166   1.0632606538   0.5928564234   0.5043572166   1.4945474408   0.5928564234   
N.  2:   0.5150265298   0.9600488244   0.6058977105   0.5150265298   1.4793453713   0.6058977105   
N.  3:   0.2068792583   0.2335589562   2.3943189332   0.2069874259   0.2124817299   2.4019199679   
N.  4:   0.2068792583   0.2335589562   2.3943189332   0.2069874259   0.2124817299   2.4019199679   
Volume: 9.7198997578  (2.7400239526, 2.3713240736, 2.4135603606, 1.0974956855, 1.0974956855)
Boundary: T^(2) 
Pi: <a, b, c|cbac^(-1)a^(-1)b^(2)ac^(-1)a^(-1)cb^(2)a^(-1)>
Homology: Z+Z
-------------------
